Project Name,Package Name,Type Name,Code Smell
argouml,org.argouml.uml.reveng.classfile,ByteToken,Unutilized Abstraction
argouml,org.argouml.uml.reveng.classfile,ClassfileParser,Unutilized Abstraction
argouml,org.argouml.uml.reveng.classfile,ClassfileParser,Deficient Encapsulation
argouml,org.argouml.uml.reveng.classfile,ClassfileParser,Broken Hierarchy
argouml,org.argouml.uml.reveng.classfile,ClassfileParser,Insufficient Modularization
argouml,org.argouml.uml.reveng.classfile,ClassfileParserTokenTypes,Unnecessary Abstraction
argouml,org.argouml.uml.reveng.classfile,ClassfileParserTokenTypes,Unutilized Abstraction
argouml,org.argouml.uml.reveng.classfile,ClassfileTokenTypes,Unutilized Abstraction
argouml,org.argouml.uml.reveng.classfile,ClassfileTokenTypes,Broken Modularization
argouml,org.argouml.uml.reveng.classfile,ClassfileTreeParser,Unutilized Abstraction
argouml,org.argouml.uml.reveng.classfile,ClassfileTreeParser,Deficient Encapsulation
argouml,org.argouml.uml.reveng.classfile,ClassfileTreeParser,Broken Hierarchy
argouml,org.argouml.uml.reveng.classfile,ClassfileTreeParserTokenTypes,Unutilized Abstraction
argouml,org.argouml.uml.reveng.classfile,ClassfileTreeParserTokenTypes,Broken Modularization
argouml,org.argouml.uml.reveng.classfile,ObjectAST,Unutilized Abstraction
argouml,org.argouml.uml.reveng.classfile,SimpleByteLexer,Unutilized Abstraction
argouml,org.argouml.uml.reveng.classfile,SimpleByteLexer,Broken Hierarchy
argouml,org.argouml.util,ClassFileFilter,Unutilized Abstraction
argouml,org.argouml.util,ChangeRegistry,Cyclic-Dependent Modularization
argouml,org.argouml.util,ConfigLoader,Cyclic-Dependent Modularization
argouml,org.argouml.util,FileConstants,Unnecessary Abstraction
argouml,org.argouml.util,FileConstants,Deficient Encapsulation
argouml,org.argouml.util,FileFilters,Deficient Encapsulation
argouml,org.argouml.util,LinkedHashMap,Insufficient Modularization
argouml,org.argouml.util,Entry,Unutilized Abstraction
argouml,org.argouml.util,SetIterator,Unutilized Abstraction
argouml,org.argouml.util,ValuesIterator,Unutilized Abstraction
argouml,org.argouml.util,LinkedHashSetIterator,Unutilized Abstraction
argouml,org.argouml.util,TokenSep,Unutilized Abstraction
argouml,org.argouml.util,QuotedStringSeparator,Unutilized Abstraction
argouml,org.argouml.util,ExprSeparatorWithStrings,Unutilized Abstraction
argouml,org.argouml.util,LineSeparator,Unutilized Abstraction
argouml,org.argouml.util,MyTokenizer,Deficient Encapsulation
argouml,org.argouml.util,Trash,Deficient Encapsulation
argouml,org.argouml.util,Trash,Cyclic-Dependent Modularization
argouml,org.argouml.util,TrashItem,Unutilized Abstraction
argouml,org.argouml.util,DoAllTests,Unutilized Abstraction
argouml,org.argouml.util,TestLinkedHashMap,Insufficient Modularization
argouml,org.argouml.language.cpp.generator,GeneratorCpp,Insufficient Modularization
argouml,org.argouml.language.csharp.generator,GeneratorCSharp,Deficient Encapsulation
argouml,org.argouml.language.csharp.generator,GeneratorCSharp,Insufficient Modularization
argouml,org.argouml.language.csharp.generator,TagExtractor,Unutilized Abstraction
argouml,org.argouml.language.dummylanguage.generator,GeneratorDummy,Insufficient Modularization
argouml,org.argouml.language.dummylanguage.reveng,ImportDummy,Unutilized Abstraction
argouml,org.argouml.ui,AbstractGoRule,Unutilized Abstraction
argouml,org.argouml.ui,ActionGoToCritique,Unutilized Abstraction
argouml,org.argouml.ui,ActionGoToEdit,Unutilized Abstraction
argouml,org.argouml.ui,Actions,Cyclic-Dependent Modularization
argouml,org.argouml.ui,ActionSaveConfiguration,Unutilized Abstraction
argouml,org.argouml.ui,ArgoDiagram,Cyclic-Dependent Modularization
argouml,org.argouml.ui,Clarifier,Unutilized Abstraction
argouml,org.argouml.ui,CmdCreateNode,Unutilized Abstraction
argouml,org.argouml.ui,CmdSetMode,Unutilized Abstraction
argouml,org.argouml.ui,DetailsPane,Unexploited Encapsulation
argouml,org.argouml.ui,DetailsPane,Missing Hierarchy
argouml,org.argouml.ui,DetailsPane,Cyclic-Dependent Modularization
argouml,org.argouml.ui,DetailsPane,Insufficient Modularization
argouml,org.argouml.ui,UpArrowIcon,Unutilized Abstraction
argouml,org.argouml.ui,LeftArrowIcon,Unutilized Abstraction
argouml,org.argouml.ui,DisplayTextTree,Unutilized Abstraction
argouml,org.argouml.ui,EmailExpertDialog,Broken Hierarchy
argouml,org.argouml.ui,FindDialog,Broken Hierarchy
argouml,org.argouml.ui,FindDialog,Cyclic-Dependent Modularization
argouml,org.argouml.ui,JasonsBigTheme,Multifaceted Abstraction
argouml,org.argouml.ui,JasonsBigTheme,Unutilized Abstraction
argouml,org.argouml.ui,JasonsHugeTheme,Multifaceted Abstraction
argouml,org.argouml.ui,JasonsHugeTheme,Unutilized Abstraction
argouml,org.argouml.ui,JasonsTheme,Multifaceted Abstraction
argouml,org.argouml.ui,JasonsTheme,Unutilized Abstraction
argouml,org.argouml.ui,LookAndFeelMgr,Cyclic-Dependent Modularization
argouml,org.argouml.ui,MultiEditorPane,Cyclic-Dependent Modularization
argouml,org.argouml.ui,MultiEditorPane,Insufficient Modularization
argouml,org.argouml.ui,NavigatorPane,Cyclic-Dependent Modularization
argouml,org.argouml.ui,ActionPerspectiveConfig,Unutilized Abstraction
argouml,org.argouml.ui,PerspectiveSupport,Unutilized Abstraction
argouml,org.argouml.ui,ProjectBrowser,Deficient Encapsulation
argouml,org.argouml.ui,ProjectBrowser,Cyclic-Dependent Modularization
argouml,org.argouml.ui,ProjectBrowser,Insufficient Modularization
argouml,org.argouml.ui,ProjectBrowser,Hub-like Modularization
argouml,org.argouml.ui,WindowCloser,Unutilized Abstraction
argouml,org.argouml.ui,SettingsTabAppearance,Unutilized Abstraction
argouml,org.argouml.ui,SettingsTabEnvironment,Unutilized Abstraction
argouml,org.argouml.ui,SettingsTabLayout,Unutilized Abstraction
argouml,org.argouml.ui,SettingsTabPreferences,Unutilized Abstraction
argouml,org.argouml.ui,SettingsTabUser,Unutilized Abstraction
argouml,org.argouml.ui,ShadowRenderer,Unutilized Abstraction
argouml,org.argouml.ui,SplashPanel,Cyclic-Dependent Modularization
argouml,org.argouml.ui,SplashScreen,Cyclic-Dependent Modularization
argouml,org.argouml.ui,StylePanel,Broken Hierarchy
argouml,org.argouml.ui,StylePanelFig,Unutilized Abstraction
argouml,org.argouml.ui,StylePanelFigNodeModelElement,Unutilized Abstraction
argouml,org.argouml.ui,StylePanelFigRRect,Unutilized Abstraction
argouml,org.argouml.ui,StylePanelFigText,Unutilized Abstraction
argouml,org.argouml.ui,SystemInfoDialog,Broken Hierarchy
argouml,org.argouml.ui,ClipboardObserver,Unutilized Abstraction
argouml,org.argouml.ui,TabDocs,Unutilized Abstraction
argouml,org.argouml.ui,TabDocs,Broken Hierarchy
argouml,org.argouml.ui,TabFigTarget,Unnecessary Abstraction
argouml,org.argouml.ui,TabHash,Unutilized Abstraction
argouml,org.argouml.ui,TabHash,Broken Hierarchy
argouml,org.argouml.ui,TabResults,Cyclic-Dependent Modularization
argouml,org.argouml.ui,TabResults,Insufficient Modularization
argouml,org.argouml.ui,TabTable,Unutilized Abstraction
argouml,org.argouml.ui,TabText,Unutilized Abstraction
argouml,org.argouml.ui,TabText,Broken Hierarchy
argouml,org.argouml.ui,TreeModelComposite,Unutilized Abstraction
argouml,org.argouml.ui,TreeModelComposite,Broken Hierarchy
argouml,org.argouml.ui,TreeModelSupport,Unutilized Abstraction
argouml,org.argouml.ui,TreeModelSupport,Broken Hierarchy
argouml,org.argouml.ui,UsageStatistic,Unutilized Abstraction
argouml,org.argouml.ui,ZoomSliderButton,Unutilized Abstraction
argouml,org.argouml.ui,GUITestActionGoToDetails,Unutilized Abstraction
argouml,org.argouml.ui,GUITestDetailsPane,Unutilized Abstraction
argouml,org.argouml.ui,GUITestMultiEditorPane,Unutilized Abstraction
argouml,org.argouml.ui,GUITestProjectBrowser,Unutilized Abstraction
argouml,org.argouml.ui,ChildGenModelElements,Imperative Abstraction
argouml,org.argouml.ui,ChildGenModelElements,Unutilized Abstraction
argouml,org.argouml.ui,MockStylePanel,Unutilized Abstraction
argouml,org.argouml.language.java.ui,ActionSynchronize,Unutilized Abstraction
argouml,org.argouml.tools.ui,ActionExecSilk,Unutilized Abstraction
argouml,org.argouml.application,TestMain,Unutilized Abstraction
argouml,org.argouml.application,localTestMainRunnable,Unutilized Abstraction
argouml,org.argouml.application,Main,Deficient Encapsulation
argouml,org.argouml.application,Main,Cyclic-Dependent Modularization
argouml,org.argouml.application,PostLoad,Unutilized Abstraction
argouml,org.argouml.application,PreloadClasses,Imperative Abstraction
argouml,org.argouml.application,PreloadClasses,Unutilized Abstraction
argouml,org.argouml.application,StartCritics,Unutilized Abstraction
argouml,org.argouml.uml.diagram.state.ui,TestFigClonable,Unutilized Abstraction
argouml,org.argouml.uml.diagram.state.ui,ActionCreatePseudostate,Unutilized Abstraction
argouml,org.argouml.uml.diagram.state.ui,FigBranchState,Unutilized Abstraction
argouml,org.argouml.uml.diagram.state.ui,FigBranchState,Broken Hierarchy
argouml,org.argouml.uml.diagram.state.ui,FigCompositeState,Unutilized Abstraction
argouml,org.argouml.uml.diagram.state.ui,FigCompositeState,Broken Hierarchy
argouml,org.argouml.uml.diagram.state.ui,FigFinalState,Multifaceted Abstraction
argouml,org.argouml.uml.diagram.state.ui,FigFinalState,Unutilized Abstraction
argouml,org.argouml.uml.diagram.state.ui,FigForkState,Unutilized Abstraction
argouml,org.argouml.uml.diagram.state.ui,FigForkState,Broken Hierarchy
argouml,org.argouml.uml.diagram.state.ui,FigHistoryState,Unutilized Abstraction
argouml,org.argouml.uml.diagram.state.ui,FigHistoryState,Broken Hierarchy
argouml,org.argouml.uml.diagram.state.ui,FigInitialState,Unutilized Abstraction
argouml,org.argouml.uml.diagram.state.ui,FigJoinState,Unutilized Abstraction
argouml,org.argouml.uml.diagram.state.ui,FigJoinState,Broken Hierarchy
argouml,org.argouml.uml.diagram.state.ui,FigJunctionState,Unutilized Abstraction
argouml,org.argouml.uml.diagram.state.ui,FigJunctionState,Broken Hierarchy
argouml,org.argouml.uml.diagram.state.ui,FigSimpleState,Unutilized Abstraction
argouml,org.argouml.uml.diagram.state.ui,FigSimpleState,Broken Hierarchy
argouml,org.argouml.uml.diagram.state.ui,FigState,Unutilized Abstraction
argouml,org.argouml.uml.diagram.state.ui,FigState,Broken Hierarchy
argouml,org.argouml.uml.diagram.state.ui,FigStateVertex,Unutilized Abstraction
argouml,org.argouml.uml.diagram.state.ui,FigTransition,Cyclic-Dependent Modularization
argouml,org.argouml.uml.diagram.state.ui,SelectionState,Unutilized Abstraction
argouml,org.argouml.uml.diagram.state.ui,StateDiagramRenderer,Cyclic-Dependent Modularization
argouml,org.argouml.uml.diagram.state.ui,UMLStateDiagram,Cyclic-Dependent Modularization
argouml,org.argouml.uml.diagram.static_structure.ui,TestFigClonable,Unutilized Abstraction
argouml,org.argouml.uml.diagram.static_structure.ui,ClassDiagramRenderer,Cyclic-Dependent Modularization
argouml,org.argouml.uml.diagram.static_structure.ui,CommentEdge,Cyclic-Dependent Modularization
argouml,org.argouml.uml.diagram.static_structure.ui,FigClass,Insufficient Modularization
argouml,org.argouml.uml.diagram.static_structure.ui,FigComment,Insufficient Modularization
argouml,org.argouml.uml.diagram.static_structure.ui,FigFeature,Unutilized Abstraction
argouml,org.argouml.uml.diagram.static_structure.ui,SelectionFeature,Unutilized Abstraction
argouml,org.argouml.uml.diagram.static_structure.ui,FigLink,Cyclic-Dependent Modularization
argouml,org.argouml.uml.diagram.static_structure.ui,FigPackage,Insufficient Modularization
argouml,org.argouml.uml.diagram.static_structure.ui,FigPackageFigText,Unutilized Abstraction
argouml,org.argouml.uml.diagram.static_structure.ui,SelectionClass,Unutilized Abstraction
argouml,org.argouml.uml.diagram.static_structure.ui,SelectionInterface,Unutilized Abstraction
argouml,org.argouml.uml.diagram.static_structure.ui,StylePanelFigClass,Unutilized Abstraction
argouml,org.argouml.uml.diagram.static_structure.ui,StylePanelFigInterface,Unutilized Abstraction
argouml,org.argouml.uml.diagram.static_structure.ui,UMLClassDiagram,Cyclic-Dependent Modularization
argouml,org.argouml.uml.diagram.use_case.ui,TestFigClonable,Unutilized Abstraction
argouml,org.argouml.uml.diagram.use_case.ui,FigExtend,Cyclic-Dependent Modularization
argouml,org.argouml.uml.diagram.use_case.ui,FigUseCase,Insufficient Modularization
argouml,org.argouml.uml.diagram.use_case.ui,SelectionActor,Unutilized Abstraction
argouml,org.argouml.uml.diagram.use_case.ui,SelectionUseCase,Unutilized Abstraction
argouml,org.argouml.uml.diagram.use_case.ui,StylePanelFigUseCase,Unutilized Abstraction
argouml,org.argouml.uml.diagram.use_case.ui,UMLUseCaseDiagram,Cyclic-Dependent Modularization
argouml,org.argouml.uml.diagram.use_case.ui,UseCaseDiagramRenderer,Cyclic-Dependent Modularization
argouml,org.argouml.uml.ui,TestUMLAction,Unutilized Abstraction
argouml,org.argouml.uml.ui,AbstractActionAddModelElement,Unutilized Abstraction
argouml,org.argouml.uml.ui,AbstractActionNavigate,Unutilized Abstraction
argouml,org.argouml.uml.ui,AbstractActionNewModelElement,Unutilized Abstraction
argouml,org.argouml.uml.ui,AbstractActionNewModelElement,Broken Hierarchy
argouml,org.argouml.uml.ui,AbstractActionRemoveElement,Unutilized Abstraction
argouml,org.argouml.uml.ui,AbstractActionRemoveElement,Broken Hierarchy
argouml,org.argouml.uml.ui,ActionActivityDiagram,Deficient Encapsulation
argouml,org.argouml.uml.ui,ActionActivityDiagram,Cyclic-Dependent Modularization
argouml,org.argouml.uml.ui,ActionAddDiagram,Unutilized Abstraction
argouml,org.argouml.uml.ui,ActionAddPackage,Deficient Encapsulation
argouml,org.argouml.uml.ui,ActionAddTopLevelPackage,Unutilized Abstraction
argouml,org.argouml.uml.ui,ActionAddTopLevelPackage,Deficient Encapsulation
argouml,org.argouml.uml.ui,ActionBooleanTaggedValue,Unutilized Abstraction
argouml,org.argouml.uml.ui,ActionClassDiagram,Deficient Encapsulation
argouml,org.argouml.uml.ui,ActionClassDiagram,Cyclic-Dependent Modularization
argouml,org.argouml.uml.ui,ActionCollaborationDiagram,Deficient Encapsulation
argouml,org.argouml.uml.ui,ActionCollaborationDiagram,Cyclic-Dependent Modularization
argouml,org.argouml.uml.ui,ActionCopy,Cyclic-Dependent Modularization
argouml,org.argouml.uml.ui,ActionCut,Cyclic-Dependent Modularization
argouml,org.argouml.uml.ui,ActionDeploymentDiagram,Deficient Encapsulation
argouml,org.argouml.uml.ui,ActionDeploymentDiagram,Cyclic-Dependent Modularization
argouml,org.argouml.uml.ui,ActionEmptyTrash,Unutilized Abstraction
argouml,org.argouml.uml.ui,ActionEmptyTrash,Deficient Encapsulation
argouml,org.argouml.uml.ui,ActionExit,Deficient Encapsulation
argouml,org.argouml.uml.ui,ActionExit,Cyclic-Dependent Modularization
argouml,org.argouml.uml.ui,ActionGenerateAll,Unutilized Abstraction
argouml,org.argouml.uml.ui,ActionGenerateOne,Cyclic-Dependent Modularization
argouml,org.argouml.uml.ui,ActionGenerateProjectCode,Cyclic-Dependent Modularization
argouml,org.argouml.uml.ui,ActionGenerationSettings,Cyclic-Dependent Modularization
argouml,org.argouml.uml.ui,ActionLayout,Unutilized Abstraction
argouml,org.argouml.uml.ui,ActionNavigateAssociation,Unutilized Abstraction
argouml,org.argouml.uml.ui,ActionNavigateContainerElement,Unutilized Abstraction
argouml,org.argouml.uml.ui,ActionNavigateContext,Unutilized Abstraction
argouml,org.argouml.uml.ui,ActionNavigateNamespace,Unutilized Abstraction
argouml,org.argouml.uml.ui,ActionNavigateOppositeAssocEnd,Unutilized Abstraction
argouml,org.argouml.uml.ui,ActionNavigateOwner,Unutilized Abstraction
argouml,org.argouml.uml.ui,ActionNew,Deficient Encapsulation
argouml,org.argouml.uml.ui,ActionNew,Cyclic-Dependent Modularization
argouml,org.argouml.uml.ui,ActionOpenProject,Cyclic-Dependent Modularization
argouml,org.argouml.uml.ui,ActionPaste,Cyclic-Dependent Modularization
argouml,org.argouml.uml.ui,ActionRemoveFromModel,Unutilized Abstraction
argouml,org.argouml.uml.ui,ActionRemoveModelElement,Deficient Encapsulation
argouml,org.argouml.uml.ui,ActionReopenProject,Cyclic-Dependent Modularization
argouml,org.argouml.uml.ui,ActionRevertToSaved,Unutilized Abstraction
argouml,org.argouml.uml.ui,ActionSaveGraphics,Unutilized Abstraction
argouml,org.argouml.uml.ui,ActionSaveGraphicsCmdSaveEPS,Unutilized Abstraction
argouml,org.argouml.uml.ui,ActionSaveProject,Deficient Encapsulation
argouml,org.argouml.uml.ui,ActionSaveProject,Cyclic-Dependent Modularization
argouml,org.argouml.uml.ui,ActionSaveProjectAs,Deficient Encapsulation
argouml,org.argouml.uml.ui,ActionSaveProjectAs,Cyclic-Dependent Modularization
argouml,org.argouml.uml.ui,ActionSequenceDiagram,Unutilized Abstraction
argouml,org.argouml.uml.ui,ActionSequenceDiagram,Deficient Encapsulation
argouml,org.argouml.uml.ui,ActionSequenceDiagram,Cyclic-Dependent Modularization
argouml,org.argouml.uml.ui,ActionSetMultiplicity,Unutilized Abstraction
argouml,org.argouml.uml.ui,ActionSetSourcePath,Deficient Encapsulation
argouml,org.argouml.uml.ui,ActionStateDiagram,Deficient Encapsulation
argouml,org.argouml.uml.ui,ActionStateDiagram,Cyclic-Dependent Modularization
argouml,org.argouml.uml.ui,ActionUseCaseDiagram,Deficient Encapsulation
argouml,org.argouml.uml.ui,ActionUseCaseDiagram,Cyclic-Dependent Modularization
argouml,org.argouml.uml.ui,PropPanel,Broken Hierarchy
argouml,org.argouml.uml.ui,PropPanel,Cyclic-Dependent Modularization
argouml,org.argouml.uml.ui,PropPanel,Insufficient Modularization
argouml,org.argouml.uml.ui,PropPanelButton2,Unutilized Abstraction
argouml,org.argouml.uml.ui,SourcePathDialog,Cyclic-Dependent Modularization
argouml,org.argouml.uml.ui,SrcPathTableModel,Unutilized Abstraction
argouml,org.argouml.uml.ui,TabConstraints,Unutilized Abstraction
argouml,org.argouml.uml.ui,TabConstraints,Broken Hierarchy
argouml,org.argouml.uml.ui,TabConstraints,Insufficient Modularization
argouml,org.argouml.uml.ui,ConstraintModel,Unutilized Abstraction
argouml,org.argouml.uml.ui,CR,Unutilized Abstraction
argouml,org.argouml.uml.ui,TabDocumentation,Unutilized Abstraction
argouml,org.argouml.uml.ui,TabModelTarget,Unnecessary Abstraction
argouml,org.argouml.uml.ui,TabProps,Broken Hierarchy
argouml,org.argouml.uml.ui,TabProps,Cyclic-Dependent Modularization
argouml,org.argouml.uml.ui,TabSrc,Unutilized Abstraction
argouml,org.argouml.uml.ui,TabTaggedValues,Broken Hierarchy
argouml,org.argouml.uml.ui,TableModelTaggedValues,Unutilized Abstraction
argouml,org.argouml.uml.ui,UMLAction,Deficient Encapsulation
argouml,org.argouml.uml.ui,UMLAction,Wide Hierarchy
argouml,org.argouml.uml.ui,UMLAction,Cyclic-Dependent Modularization
argouml,org.argouml.uml.ui,UMLAttributesListModel,Unutilized Abstraction
argouml,org.argouml.uml.ui,UMLBinaryRelationListModel,Unutilized Abstraction
argouml,org.argouml.uml.ui,UMLBooleanProperty,Unutilized Abstraction
argouml,org.argouml.uml.ui,UMLButtonPanel,Unutilized Abstraction
argouml,org.argouml.uml.ui,UMLChangeAction,Unutilized Abstraction
argouml,org.argouml.uml.ui,UMLChangeDispatch,Deficient Encapsulation
argouml,org.argouml.uml.ui,UMLChangeDispatch,Cyclic-Dependent Modularization
argouml,org.argouml.uml.ui,UMLClassifierComboBoxModel,Unutilized Abstraction
argouml,org.argouml.uml.ui,UMLComboBox,Unutilized Abstraction
argouml,org.argouml.uml.ui,UMLComboBoxModel2,Insufficient Modularization
argouml,org.argouml.uml.ui,UMLComboBoxNavigator,Unutilized Abstraction
argouml,org.argouml.uml.ui,UMLConditionExpressionModel,Unutilized Abstraction
argouml,org.argouml.uml.ui,UMLConnectionListModel,Unutilized Abstraction
argouml,org.argouml.uml.ui,UMLConnectionListModel,Broken Hierarchy
argouml,org.argouml.uml.ui,UMLDeprecatedCheckBox,Unutilized Abstraction
argouml,org.argouml.uml.ui,UMLEditableComboBox,Unutilized Abstraction
argouml,org.argouml.uml.ui,UMLComboBoxEditor,Unutilized Abstraction
argouml,org.argouml.uml.ui,UMLEnumerationBooleanProperty,Unutilized Abstraction
argouml,org.argouml.uml.ui,UMLExpressionBodyField,Unutilized Abstraction
argouml,org.argouml.uml.ui,UMLExpressionLanguageField,Unutilized Abstraction
argouml,org.argouml.uml.ui,UMLInitialValueComboBox,Unutilized Abstraction
argouml,org.argouml.uml.ui,UMLLinkedList,Unutilized Abstraction
argouml,org.argouml.uml.ui,UMLLinkedListCellRenderer,Unutilized Abstraction
argouml,org.argouml.uml.ui,UMLList,Unutilized Abstraction
argouml,org.argouml.uml.ui,UMLList2,Unutilized Abstraction
argouml,org.argouml.uml.ui,UMLListCellRenderer,Unutilized Abstraction
argouml,org.argouml.uml.ui,UMLListCellRenderer2,Unutilized Abstraction
argouml,org.argouml.uml.ui,UMLMetaclassComboBox,Unutilized Abstraction
argouml,org.argouml.uml.ui,UMLModelElementCachedListModel,Unutilized Abstraction
argouml,org.argouml.uml.ui,UMLModelElementElementResidenceListModel,Unutilized Abstraction
argouml,org.argouml.uml.ui,UMLModelElementElementResidenceListModel,Broken Hierarchy
argouml,org.argouml.uml.ui,UMLModelElementListModel,Insufficient Modularization
argouml,org.argouml.uml.ui,UMLModelElementTaggedValueDocument,Unutilized Abstraction
argouml,org.argouml.uml.ui,UMLModelElementTaggedValueDocument,Broken Hierarchy
argouml,org.argouml.uml.ui,UMLMultiplicityComboBox2,Unutilized Abstraction
argouml,org.argouml.uml.ui,UMLMultiplicityComboBox2,Broken Hierarchy
argouml,org.argouml.uml.ui,UMLMutableLinkedList,Broken Hierarchy
argouml,org.argouml.uml.ui,UMLMutableLinkedList,Insufficient Modularization
argouml,org.argouml.uml.ui,PopupMenu,Unutilized Abstraction
argouml,org.argouml.uml.ui,UMLNameEventListener,Unutilized Abstraction
argouml,org.argouml.uml.ui,UMLReflectionBooleanProperty,Unutilized Abstraction
argouml,org.argouml.uml.ui,UMLReflectionListModel,Unutilized Abstraction
argouml,org.argouml.uml.ui,UMLScriptExpressionModel,Unutilized Abstraction
argouml,org.argouml.uml.ui,UMLSearchableComboBox,Unutilized Abstraction
argouml,org.argouml.uml.ui,UMLSearchableComboBox,Broken Hierarchy
argouml,org.argouml.uml.ui,UMLStimulusActionTextField,Unutilized Abstraction
argouml,org.argouml.uml.ui,UMLStimulusListModel,Unutilized Abstraction
argouml,org.argouml.uml.ui,UMLTaggedBooleanProperty,Unutilized Abstraction
argouml,org.argouml.uml.ui,UMLTextField,Unutilized Abstraction
argouml,org.argouml.uml.ui,UMLTextField2,Unutilized Abstraction
argouml,org.argouml.uml.ui,UMLUserInterfaceComponent,Wide Hierarchy
argouml,org.argouml.uml.ui,AbstractTestActionAddDiagram,Unutilized Abstraction
argouml,org.argouml.uml.ui,AbstractUMLModelElementListModel2Test,Unutilized Abstraction
argouml,org.argouml.uml.ui,GUITestActionClassDiagram,Unutilized Abstraction
argouml,org.argouml.uml.ui,GUITestActionClassDiagram,Broken Hierarchy
argouml,org.argouml.uml.ui,GUITestActionCollaborationDiagram,Unutilized Abstraction
argouml,org.argouml.uml.ui,GUITestActionCollaborationDiagram,Broken Hierarchy
argouml,org.argouml.uml.ui,GUITestActionDeploymentDiagram,Unutilized Abstraction
argouml,org.argouml.uml.ui,GUITestActionDeploymentDiagram,Broken Hierarchy
argouml,org.argouml.uml.ui,GUITestActionOpenProject,Unutilized Abstraction
argouml,org.argouml.uml.ui,GUITestActionStateDiagram,Unutilized Abstraction
argouml,org.argouml.uml.ui,GUITestActionStateDiagram,Broken Hierarchy
argouml,org.argouml.uml.ui,GUITestActionUseCaseDiagram,Unutilized Abstraction
argouml,org.argouml.uml.ui,GUITestActionUseCaseDiagram,Broken Hierarchy
argouml,org.argouml.uml.ui,TestActionClassDiagram,Unutilized Abstraction
argouml,org.argouml.uml.ui,TestActionClassDiagram,Broken Hierarchy
argouml,org.argouml.uml.ui,TestActionCollaborationDiagram,Unutilized Abstraction
argouml,org.argouml.uml.ui,TestActionCollaborationDiagram,Broken Hierarchy
argouml,org.argouml.uml.ui,TestActionUseCaseDiagram,Unutilized Abstraction
argouml,org.argouml.uml.ui,TestActionUseCaseDiagram,Broken Hierarchy
argouml,org.argouml.uml.ui,TestTabStyle,Unutilized Abstraction
argouml,org.argouml.xml.argo,ArgoParser,Cyclic-Dependent Modularization
argouml,org.argouml.xml.argo,ArgoTokenTable,Deficient Encapsulation
argouml,org.argouml.xml.argo,DiagramMemberFilePersister,Unutilized Abstraction
argouml,org.argouml.xml.argo,ModelMemberFilePersister,Unutilized Abstraction
argouml,org.argouml.xml.argo,TodoListMemberFilePersister,Unutilized Abstraction
argouml,(default package),ClassFinder,Unutilized Abstraction
argouml,(default package),TestCaseLoader,Unutilized Abstraction
argouml,(default package),TestAll,Unutilized Abstraction
argouml,org.argouml.ui.test,ActionTestLoadableModule,Unutilized Abstraction
argouml,org.argouml.ui.test,ActionTestMenuPlugins,Unutilized Abstraction
argouml,org.argouml.language.php.generator,GeneratorPHP4,Unutilized Abstraction
argouml,org.argouml.language.php.generator,GeneratorPHP4,Insufficient Modularization
argouml,org.argouml.language.php.generator,GeneratorPHP5,Unutilized Abstraction
argouml,org.argouml.language.php,PHPDocumentor,Deficient Encapsulation
argouml,org.argouml.language.php,PHPDocumentor,Insufficient Modularization
argouml,org.argouml.language.php,DocBlock,Deficient Encapsulation
argouml,org.argouml.language.php,SimpleTag,Unutilized Abstraction
argouml,org.argouml.language.php,BooleanTag,Unutilized Abstraction
argouml,org.argouml.language.php,AccessTag,Unutilized Abstraction
argouml,org.argouml.language.php,AuthorTag,Unutilized Abstraction
argouml,org.argouml.language.php,AbstractTag,Unutilized Abstraction
argouml,org.argouml.language.php,AbstractTag,Broken Hierarchy
argouml,org.argouml.language.php,DeprecatedTag,Unutilized Abstraction
argouml,org.argouml.language.php,DeprecatedTag,Broken Hierarchy
argouml,org.argouml.language.php,PackageTag,Unutilized Abstraction
argouml,org.argouml.language.php,PackageTag,Broken Hierarchy
argouml,org.argouml.language.php,ReturnTag,Unutilized Abstraction
argouml,org.argouml.language.php,ReturnTag,Broken Hierarchy
argouml,org.argouml.language.php,SeeTag,Unutilized Abstraction
argouml,org.argouml.language.php,SeeTag,Broken Hierarchy
argouml,org.argouml.language.php,SinceTag,Unutilized Abstraction
argouml,org.argouml.language.php,SinceTag,Broken Hierarchy
argouml,org.argouml.language.php,StaticTag,Unutilized Abstraction
argouml,org.argouml.language.php,StaticTag,Broken Hierarchy
argouml,org.argouml.language.php,SubpackageTag,Unutilized Abstraction
argouml,org.argouml.language.php,SubpackageTag,Broken Hierarchy
argouml,org.argouml.language.php,VarTag,Unutilized Abstraction
argouml,org.argouml.language.php,VarTag,Broken Hierarchy
argouml,org.argouml.language.php,VersionTag,Unutilized Abstraction
argouml,org.argouml.language.php,VersionTag,Broken Hierarchy
argouml,org.argouml.application.api,Argo,Multifaceted Abstraction
argouml,org.argouml.application.api,Argo,Deficient Encapsulation
argouml,org.argouml.application.api,Argo,Cyclic-Dependent Modularization
argouml,org.argouml.application.api,ArgoEventListener,Unnecessary Abstraction
argouml,org.argouml.application.api,ArgoEventListener,Unutilized Abstraction
argouml,org.argouml.application.api,ArgoModule,Deficient Encapsulation
argouml,org.argouml.application.api,ArgoSingletonModule,Broken Hierarchy
argouml,org.argouml.application.api,Configuration,Deficient Encapsulation
argouml,org.argouml.application.api,Configuration,Insufficient Modularization
argouml,org.argouml.application.api,Notation,Deficient Encapsulation
argouml,org.argouml.application.api,Notation,Cyclic-Dependent Modularization
argouml,org.argouml.application.api,Notation,Insufficient Modularization
argouml,org.argouml.application.api,NotationProvider2,Insufficient Modularization
argouml,org.argouml.application.api,Pluggable,Deficient Encapsulation
argouml,org.argouml.application.api,Pluggable,Broken Hierarchy
argouml,org.argouml.application.api,PluggableAboutTab,Broken Hierarchy
argouml,org.argouml.application.api,PluggableDiagram,Unutilized Abstraction
argouml,org.argouml.application.api,PluggableDiagram,Broken Hierarchy
argouml,org.argouml.application.api,PluggableImport,Broken Hierarchy
argouml,org.argouml.application.api,PluggableImport,Cyclic-Dependent Modularization
argouml,org.argouml.application.api,PluggableMenu,Deficient Encapsulation
argouml,org.argouml.application.api,PluggableMenu,Broken Hierarchy
argouml,org.argouml.application.api,PluggableNotation,Unnecessary Abstraction
argouml,org.argouml.application.api,PluggableNotation,Unutilized Abstraction
argouml,org.argouml.application.api,PluggablePropertyPanel,Broken Hierarchy
argouml,org.argouml.application.api,PluggableResourceBundle,Unnecessary Abstraction
argouml,org.argouml.application.api,PluggableResourceBundle,Unutilized Abstraction
argouml,org.argouml.application.api,PluggableSettingsTab,Broken Hierarchy
argouml,org.argouml.application.api,QuadrantPanel,Unutilized Abstraction
argouml,org.argouml.application.api,QuadrantPanel,Deficient Encapsulation
argouml,org.argouml.application.api,GUITestCommandLineInterface,Unutilized Abstraction
argouml,org.argouml.application.configuration,ConfigurationHandler,Insufficient Modularization
argouml,org.argouml.application.configuration,ConfigurationKeyImpl,Unutilized Abstraction
argouml,org.argouml.application.configuration,ConfigurationProperties,Unutilized Abstraction
argouml,org.argouml.application.events,ArgoEvent,Broken Hierarchy
argouml,org.argouml.application.events,ArgoEventPump,Missing Hierarchy
argouml,org.argouml.application.events,Pair,Unutilized Abstraction
argouml,org.argouml.application.events,ArgoEventTypes,Deficient Encapsulation
argouml,org.argouml.application.events,ArgoEventTypes,Broken Modularization
argouml,org.argouml.application.helpers,DiagramHelper,Unutilized Abstraction
argouml,org.argouml.application.helpers,DiagramHelper,Deficient Encapsulation
argouml,org.argouml.application.helpers,ModuleHelper,Unutilized Abstraction
argouml,org.argouml.application.helpers,ResourceBundleHelper,Unutilized Abstraction
argouml,org.argouml.application.helpers,ResourceLoaderWrapper,Multifaceted Abstraction
argouml,org.argouml.application.helpers,ResourceLoaderWrapper,Cyclic-Dependent Modularization
argouml,org.argouml.application.helpers,SettingsTabHelper,Unutilized Abstraction
argouml,org.argouml.application.helpers,SettingsTabHelper,Deficient Encapsulation
argouml,org.argouml.application.modules,ModuleLoader,Deficient Encapsulation
argouml,org.argouml.application.modules,ModuleLoader,Cyclic-Dependent Modularization
argouml,org.argouml.application.modules,ModuleLoader,Insufficient Modularization
argouml,org.argouml.application.modules,JarFileFilter,Unutilized Abstraction
argouml,org.argouml.application.notation,NotationProviderFactory,Cyclic-Dependent Modularization
argouml,org.argouml.application.security,ArgoAwtExceptionHandler,Unutilized Abstraction
argouml,org.argouml.application.security,ArgoClassLoader,Unutilized Abstraction
argouml,org.argouml.application.security,ArgoJarClassLoader,Unutilized Abstraction
argouml,org.argouml.cognitive.checklist.ui,TableModelChecklist,Unutilized Abstraction
argouml,org.argouml.cognitive.critics,Agency,Cyclic-Dependent Modularization
argouml,org.argouml.cognitive.critics,CompoundCritic,Insufficient Modularization
argouml,org.argouml.cognitive.critics,ControlMech,Cyclic-Dependent Modularization
argouml,org.argouml.cognitive.critics,Critic,Deficient Encapsulation
argouml,org.argouml.cognitive.critics,Critic,Cyclic-Dependent Modularization
argouml,org.argouml.cognitive.critics,Critic,Insufficient Modularization
argouml,org.argouml.cognitive.critics,CrNodesOverlap,Unutilized Abstraction
argouml,org.argouml.cognitive.critics,CrZeroLengthEdge,Unutilized Abstraction
argouml,org.argouml.cognitive.critics,EnabledCM,Unutilized Abstraction
argouml,org.argouml.cognitive.critics,SnoozeOrder,Unutilized Abstraction
argouml,org.argouml.cognitive.critics,StandardCM,Unutilized Abstraction
argouml,org.argouml.cognitive.critics,StandardCM,Broken Hierarchy
argouml,org.argouml.cognitive.critics,NotSnoozedCM,Unutilized Abstraction
argouml,org.argouml.cognitive.critics,DesignGoalsCM,Unutilized Abstraction
argouml,org.argouml.cognitive.critics,CurDecisionCM,Unutilized Abstraction
argouml,org.argouml.cognitive.critics,CompositeCM,Unutilized Abstraction
argouml,org.argouml.cognitive.critics,CompositeCM,Broken Hierarchy
argouml,org.argouml.cognitive.critics,AndCM,Unutilized Abstraction
argouml,org.argouml.cognitive.critics,AndCM,Broken Hierarchy
argouml,org.argouml.cognitive.critics,OrCM,Unutilized Abstraction
argouml,org.argouml.cognitive.critics,OrCM,Broken Hierarchy
argouml,org.argouml.cognitive.critics.ui,TableModelCritics,Unutilized Abstraction
argouml,org.argouml.cognitive,Decision,Deficient Encapsulation
argouml,org.argouml.cognitive,Design,Cyclic-Dependent Modularization
argouml,org.argouml.cognitive,Designer,Cyclic-Dependent Modularization
argouml,org.argouml.cognitive,Designer,Insufficient Modularization
argouml,org.argouml.cognitive,ChildGenDMElements,Unutilized Abstraction
argouml,org.argouml.cognitive,DesignMaterial,Cyclic-Dependent Modularization
argouml,org.argouml.cognitive,DesignMaterial,Insufficient Modularization
argouml,org.argouml.cognitive,ItemUID,Cyclic-Dependent Modularization
argouml,org.argouml.cognitive,Poster,Cyclic-Dependent Modularization
argouml,org.argouml.cognitive,ProjectMemberTodoList,Cyclic-Dependent Modularization
argouml,org.argouml.cognitive,ResolvedCritic,Cyclic-Dependent Modularization
argouml,org.argouml.cognitive,ToDoItem,Deficient Encapsulation
argouml,org.argouml.cognitive,ToDoItem,Cyclic-Dependent Modularization
argouml,org.argouml.cognitive,ToDoItem,Insufficient Modularization
argouml,org.argouml.cognitive,ToDoList,Cyclic-Dependent Modularization
argouml,org.argouml.cognitive,ToDoList,Insufficient Modularization
argouml,org.argouml.cognitive,UnresolvableException,Unutilized Abstraction
argouml,org.argouml.cognitive.ui,GoListToDecisionsToItems,Unutilized Abstraction
argouml,org.argouml.cognitive.ui,GoListToGoalsToItems,Unutilized Abstraction
argouml,org.argouml.cognitive.ui,GoListToOffenderToItem,Unutilized Abstraction
argouml,org.argouml.cognitive.ui,PredicateNotInTrash,Unutilized Abstraction
argouml,org.argouml.cognitive.ui,GoListToPosterToItem,Unutilized Abstraction
argouml,org.argouml.cognitive.ui,GoListToPriorityToItem,Unutilized Abstraction
argouml,org.argouml.cognitive.ui,GoListToTypeToItem,Unutilized Abstraction
argouml,org.argouml.cognitive.ui,TabToDo,Unutilized Abstraction
argouml,org.argouml.cognitive.ui,TabToDo,Broken Hierarchy
argouml,org.argouml.cognitive.ui,TabToDoTarget,Unnecessary Abstraction
argouml,org.argouml.cognitive.ui,TabToDoTarget,Unutilized Abstraction
argouml,org.argouml.cognitive.ui,ToDoByDecision,Unutilized Abstraction
argouml,org.argouml.cognitive.ui,ToDoByDecision,Broken Hierarchy
argouml,org.argouml.cognitive.ui,ToDoByGoal,Unutilized Abstraction
argouml,org.argouml.cognitive.ui,ToDoByGoal,Broken Hierarchy
argouml,org.argouml.cognitive.ui,ToDoByOffender,Unutilized Abstraction
argouml,org.argouml.cognitive.ui,ToDoByOffender,Broken Hierarchy
argouml,org.argouml.cognitive.ui,ToDoByPoster,Unutilized Abstraction
argouml,org.argouml.cognitive.ui,ToDoByPoster,Broken Hierarchy
argouml,org.argouml.cognitive.ui,ToDoByPriority,Unutilized Abstraction
argouml,org.argouml.cognitive.ui,ToDoByPriority,Broken Hierarchy
argouml,org.argouml.cognitive.ui,ToDoByType,Unutilized Abstraction
argouml,org.argouml.cognitive.ui,ToDoByType,Broken Hierarchy
argouml,org.argouml.cognitive.ui,ToDoPane,Cyclic-Dependent Modularization
argouml,org.argouml.cognitive.ui,ToDoPane,Insufficient Modularization
argouml,org.argouml.cognitive.ui,ToDoTreeRenderer,Imperative Abstraction
argouml,org.argouml.cognitive.ui,ToDoTreeRenderer,Unutilized Abstraction
argouml,org.argouml.cognitive.ui,ToDoTreeRenderer,Missing Hierarchy
argouml,org.argouml.cognitive.ui,WizDescription,Missing Hierarchy
argouml,org.argouml.cognitive.ui,WizStep,Unutilized Abstraction
argouml,org.argouml.cognitive.ui,WizStep,Broken Hierarchy
argouml,org.argouml.cognitive.ui,WizStepConfirm,Broken Hierarchy
argouml,org.argouml.cognitive.ui,WizStepCue,Broken Hierarchy
argouml,org.argouml.cognitive.ui,WizStepManyTextFields,Broken Hierarchy
argouml,org.argouml.cognitive.ui,WizStepTextField,Broken Hierarchy
argouml,org.argouml.kernel,AbstractFilePersister,Cyclic-Dependent Modularization
argouml,org.argouml.kernel,ArgoFilePersister,Unutilized Abstraction
argouml,org.argouml.kernel,IllegalFormatException,Unutilized Abstraction
argouml,org.argouml.kernel,OpenException,Unutilized Abstraction
argouml,org.argouml.kernel,OpenException,Broken Hierarchy
argouml,org.argouml.kernel,PersistenceException,Unutilized Abstraction
argouml,org.argouml.kernel,Project,Cyclic-Dependent Modularization
argouml,org.argouml.kernel,Project,Insufficient Modularization
argouml,org.argouml.kernel,ProjectFilePersister,Cyclic-Dependent Modularization
argouml,org.argouml.kernel,ProjectManager,Deficient Encapsulation
argouml,org.argouml.kernel,ProjectManager,Cyclic-Dependent Modularization
argouml,org.argouml.kernel,ProjectMember,Cyclic-Dependent Modularization
argouml,org.argouml.kernel,SaveException,Unutilized Abstraction
argouml,org.argouml.kernel,SaveException,Broken Hierarchy
argouml,org.argouml.kernel,Wizard,Insufficient Modularization
argouml,org.argouml.language.helpers,NotationHelper,Cyclic-Dependent Modularization
argouml,org.argouml.language.helpers,NotationHelper,Insufficient Modularization
argouml,org.argouml.language.java.cognitive.critics,CrMultipleInheritance,Unutilized Abstraction
argouml,org.argouml.language.java.cognitive.critics,CrMultipleRealization,Unutilized Abstraction
argouml,org.argouml.language.java.generator,AnonymousClassCodePiece,Unutilized Abstraction
argouml,org.argouml.language.java.generator,ClassifierEndCodePiece,Unutilized Abstraction
argouml,org.argouml.language.java.generator,GeneratorJava,Insufficient Modularization
argouml,org.argouml.language.java.generator,TagExtractor,Unutilized Abstraction
argouml,org.argouml.language.java.generator,JavaUML,Unutilized Abstraction
argouml,org.argouml.language.java.generator,NamedCodePiece,Broken Hierarchy
argouml,org.argouml.language.java.generator,PackageCodePiece,Unutilized Abstraction
argouml,org.argouml.language.java.generator,SimpleCodePiece,Unutilized Abstraction
argouml,org.argouml.model,AbstractModelEntity,Unutilized Abstraction
argouml,org.argouml.model,AbstractModelEventPump,Unutilized Abstraction
argouml,org.argouml.model,AbstractModelEventPump,Rebellious Hierarchy
argouml,org.argouml.model,DiagramModelEntity,Unutilized Abstraction
argouml,org.argouml.model,DiagramModelEntity,Broken Hierarchy
argouml,org.argouml.model,ModelFacade,Deficient Encapsulation
argouml,org.argouml.model,ModelFacade,Cyclic-Dependent Modularization
argouml,org.argouml.model,ModelFacade,Insufficient Modularization
argouml,org.argouml.model,NSUMLModelEventPump,Unutilized Abstraction
argouml,org.argouml.model,NSUMLModelEventPump,Multipath Hierarchy
argouml,org.argouml.model,NSUMLModelEventListener,Unutilized Abstraction
argouml,org.argouml.model,NSUMLClassEventListener,Unutilized Abstraction
argouml,org.argouml.model,UmlModelEntity,Unutilized Abstraction
argouml,org.argouml.model,UmlModelEntity,Broken Hierarchy
argouml,org.argouml.model,TestModel,Unutilized Abstraction
argouml,org.argouml.model,TestModelEventPump,Unutilized Abstraction
argouml,org.argouml.model,TestModelFacade2,Unutilized Abstraction
argouml,org.argouml.model,TestModelFacade3,Unutilized Abstraction
argouml,org.argouml.model,TestUmlObjectCreation,Unutilized Abstraction
argouml,org.argouml.model.uml,CopyFunction,Unutilized Abstraction
argouml,org.argouml.model.uml,CopyHelper,Cyclic-Dependent Modularization
argouml,org.argouml.model.uml,ExplorerNSUMLEventAdaptor,Cyclic-Dependent Modularization
argouml,org.argouml.model.uml,IllegalModelElementConnectionException,Unutilized Abstraction
argouml,org.argouml.model.uml,IllegalModelElementConnectionException,Broken Hierarchy
argouml,org.argouml.model.uml,RefPackageProxy,Unutilized Abstraction
argouml,org.argouml.model.uml,Uml,Deficient Encapsulation
argouml,org.argouml.model.uml,UmlException,Unutilized Abstraction
argouml,org.argouml.model.uml,UmlFactory,Broken Hierarchy
argouml,org.argouml.model.uml,UmlFactory,Cyclic-Dependent Modularization
argouml,org.argouml.model.uml,UmlFactory,Insufficient Modularization
argouml,org.argouml.model.uml,ObjectCreateInfo,Unutilized Abstraction
argouml,org.argouml.model.uml,UmlHelper,Cyclic-Dependent Modularization
argouml,org.argouml.model.uml,UmlModelEventPump,Deficient Encapsulation
argouml,org.argouml.model.uml,UmlModelEventPump,Cyclic-Dependent Modularization
argouml,org.argouml.model.uml,UmlModelEventPump,Insufficient Modularization
argouml,org.argouml.model.uml,EventListenerHashMap,Unutilized Abstraction
argouml,org.argouml.model.uml,ClassListenerHashMap,Unutilized Abstraction
argouml,org.argouml.model.uml,EventTreeDefinition,Unutilized Abstraction
argouml,org.argouml.model.uml,GenericUmlObjectTestFixture,Unutilized Abstraction
argouml,org.argouml.model.uml,GUITestCopyHelper,Unutilized Abstraction
argouml,org.argouml.model.uml,TestAgainstUmlModel,Missing Hierarchy
argouml,org.argouml.model.uml,CannotTestThisClass,Unnecessary Abstraction
argouml,org.argouml.model.uml,CannotTestThisClass,Unutilized Abstraction
argouml,org.argouml.model.uml,CannotTestFactoryMethod,Unnecessary Abstraction
argouml,org.argouml.model.uml,CannotTestFactoryMethod,Unutilized Abstraction
argouml,org.argouml.model.uml,CannotTestClassIsAbstract,Unnecessary Abstraction
argouml,org.argouml.model.uml,CannotTestClassIsAbstract,Unutilized Abstraction
argouml,org.argouml.model.uml,TestUmlActor,Unutilized Abstraction
argouml,org.argouml.model.uml,TestUmlActor,Broken Hierarchy
argouml,org.argouml.model.uml,TestUmlFactory,Unutilized Abstraction
argouml,org.argouml.model.uml,TestUmlModel,Unutilized Abstraction
argouml,org.argouml.model.uml,TestUmlModel,Broken Hierarchy
argouml,org.argouml.model.uml,TestUmlModelElement,Unutilized Abstraction
argouml,org.argouml.model.uml,TestUmlModelElement,Broken Hierarchy
argouml,org.argouml.model.uml,TestUmlModelEventPumpDeprecated,Insufficient Modularization
argouml,org.argouml.model.uml,TestUmlNamespace,Unutilized Abstraction
argouml,org.argouml.model.uml,TestUmlNamespace,Broken Hierarchy
argouml,org.argouml.model.uml,TestUmlUseCase,Unutilized Abstraction
argouml,org.argouml.model.uml,TestUmlUseCase,Broken Hierarchy
argouml,org.argouml.model.uml.behavioralelements.activitygraphs,ActivityGraphsFactory,Cyclic-Dependent Modularization
argouml,org.argouml.model.uml.behavioralelements.activitygraphs,ActivityGraphsHelper,Cyclic-Dependent Modularization
argouml,org.argouml.model.uml.behavioralelements.collaborations,CollaborationsFactory,Cyclic-Dependent Modularization
argouml,org.argouml.model.uml.behavioralelements.collaborations,CollaborationsFactory,Insufficient Modularization
argouml,org.argouml.model.uml.behavioralelements.collaborations,CollaborationsHelper,Cyclic-Dependent Modularization
argouml,org.argouml.model.uml.behavioralelements.commonbehavior,CommonBehaviorFactory,Cyclic-Dependent Modularization
argouml,org.argouml.model.uml.behavioralelements.commonbehavior,CommonBehaviorFactory,Insufficient Modularization
argouml,org.argouml.model.uml.behavioralelements.commonbehavior,CommonBehaviorHelper,Cyclic-Dependent Modularization
argouml,org.argouml.model.uml.behavioralelements.statemachines,StateMachinesFactory,Cyclic-Dependent Modularization
argouml,org.argouml.model.uml.behavioralelements.statemachines,StateMachinesFactory,Insufficient Modularization
argouml,org.argouml.model.uml.behavioralelements.statemachines,StateMachinesHelper,Cyclic-Dependent Modularization
argouml,org.argouml.model.uml.behavioralelements.usecases,UseCasesFactory,Cyclic-Dependent Modularization
argouml,org.argouml.model.uml.behavioralelements.usecases,UseCasesFactory,Insufficient Modularization
argouml,org.argouml.model.uml.behavioralelements.usecases,UseCasesHelper,Cyclic-Dependent Modularization
argouml,org.argouml.model.uml.foundation.core,AssociationEndAggregationWellformednessRule,Unutilized Abstraction
argouml,org.argouml.model.uml.foundation.core,AssociationEndNamespaceWellformednessRule,Unutilized Abstraction
argouml,org.argouml.model.uml.foundation.core,AssociationEndNameWellformednessRule,Unutilized Abstraction
argouml,org.argouml.model.uml.foundation.core,AssociationNamespaceWellformednessRule,Unutilized Abstraction
argouml,org.argouml.model.uml.foundation.core,CoreFactory,Cyclic-Dependent Modularization
argouml,org.argouml.model.uml.foundation.core,CoreFactory,Insufficient Modularization
argouml,org.argouml.model.uml.foundation.core,CoreHelper,Cyclic-Dependent Modularization
argouml,org.argouml.model.uml.foundation.core,CoreHelper,Insufficient Modularization
argouml,org.argouml.model.uml.foundation.extensionmechanisms,ExtensionMechanismsFactory,Cyclic-Dependent Modularization
argouml,org.argouml.model.uml.foundation.extensionmechanisms,ExtensionMechanismsHelper,Cyclic-Dependent Modularization
argouml,org.argouml.model.uml.modelmanagement,ModelManagementFactory,Cyclic-Dependent Modularization
argouml,org.argouml.model.uml.modelmanagement,ModelManagementHelper,Cyclic-Dependent Modularization
argouml,org.argouml.moduleloader,ModuleLoader2,Deficient Encapsulation
argouml,org.argouml.moduleloader,ModuleLoader2,Cyclic-Dependent Modularization
argouml,org.argouml.moduleloader,JarFileFilter,Unutilized Abstraction
argouml,org.argouml.moduleloader,ModuleStatus,Unutilized Abstraction
argouml,org.argouml.moduleloader,SettingsTabModules,Unutilized Abstraction
argouml,org.argouml.moduleloader,ModuleTableModel,Unutilized Abstraction
argouml,org.argouml.ocl,ArgoFacade,Unutilized Abstraction
argouml,org.argouml.ocl,ArgoAny,Unutilized Abstraction
argouml,org.argouml.pattern.cognitive.critics,CrConsiderSingleton,Unutilized Abstraction
argouml,org.argouml.pattern.cognitive.critics,CrSingletonViolatedMissingStaticAttr,Unutilized Abstraction
argouml,org.argouml.pattern.cognitive.critics,CrSingletonViolatedOnlyPrivateConstructors,Unutilized Abstraction
argouml,org.argouml.swingext,AbstractButtonAction,Deficient Encapsulation
argouml,org.argouml.swingext,ArrowButton,Cyclic-Dependent Modularization
argouml,org.argouml.swingext,ArrowIcon,Cyclic-Dependent Modularization
argouml,org.argouml.swingext,BorderSplitPane,Deficient Encapsulation
argouml,org.argouml.swingext,DecoratedIcon,Deficient Encapsulation
argouml,org.argouml.swingext,Dialog,Unutilized Abstraction
argouml,org.argouml.swingext,Dialog,Deficient Encapsulation
argouml,org.argouml.swingext,DimensionUtilities,Unutilized Abstraction
argouml,org.argouml.swingext,DockLayout,Unutilized Abstraction
argouml,org.argouml.swingext,DropDownIcon,Unutilized Abstraction
argouml,org.argouml.swingext,GridLayout2,Deficient Encapsulation
argouml,org.argouml.swingext,GridLayout2,Insufficient Modularization
argouml,org.argouml.swingext,Horizontal,Cyclic-Dependent Modularization
argouml,org.argouml.swingext,Horizontal,Insufficient Modularization
argouml,org.argouml.swingext,Seperator,Unutilized Abstraction
argouml,org.argouml.swingext,LineLayout,Unutilized Abstraction
argouml,org.argouml.swingext,LineLayout,Deficient Encapsulation
argouml,org.argouml.swingext,NewspaperLayout,Unutilized Abstraction
argouml,org.argouml.swingext,Orientation,Insufficient Modularization
argouml,org.argouml.swingext,PopupButton,Unutilized Abstraction
argouml,org.argouml.swingext,PopupToolBox,Unutilized Abstraction
argouml,org.argouml.swingext,PopupToolBox,Broken Hierarchy
argouml,org.argouml.swingext,PopupToolBoxButton,Unutilized Abstraction
argouml,org.argouml.swingext,PropertyTable,Unutilized Abstraction
argouml,org.argouml.swingext,PropertyTableModel,Unutilized Abstraction
argouml,org.argouml.swingext,ProportionalLayout,Unutilized Abstraction
argouml,org.argouml.swingext,SerialLayout,Unutilized Abstraction
argouml,org.argouml.swingext,SerialLayout,Deficient Encapsulation
argouml,org.argouml.swingext,SerialLayout,Broken Hierarchy
argouml,org.argouml.swingext,MyMouseListener,Unutilized Abstraction
argouml,org.argouml.swingext,SplitterLayout,Unutilized Abstraction
argouml,org.argouml.swingext,Toolbar,Unutilized Abstraction
argouml,org.argouml.swingext,Toolbox,Unutilized Abstraction
argouml,org.argouml.swingext,Toolbox,Broken Hierarchy
argouml,org.argouml.swingext,Vertical,Cyclic-Dependent Modularization
argouml,org.argouml.swingext,Vertical,Insufficient Modularization
argouml,org.argouml.ui.cmd,ActionAboutArgoUML,Unutilized Abstraction
argouml,org.argouml.ui.cmd,ActionAutoCritique,Unutilized Abstraction
argouml,org.argouml.ui.cmd,ActionEmailExpert,Unutilized Abstraction
argouml,org.argouml.ui.cmd,ActionFind,Unutilized Abstraction
argouml,org.argouml.ui.cmd,ActionFlatToDo,Unutilized Abstraction
argouml,org.argouml.ui.cmd,ActionGotoDiagram,Unutilized Abstraction
argouml,org.argouml.ui.cmd,ActionMoreInfo,Unutilized Abstraction
argouml,org.argouml.ui.cmd,ActionMoreInfo,Broken Hierarchy
argouml,org.argouml.ui.cmd,ActionNewToDoItem,Unutilized Abstraction
argouml,org.argouml.ui.cmd,ActionOpenCritics,Unutilized Abstraction
argouml,org.argouml.ui.cmd,ActionOpenDecisions,Unutilized Abstraction
argouml,org.argouml.ui.cmd,ActionOpenGoals,Unutilized Abstraction
argouml,org.argouml.ui.cmd,ActionPageSetup,Unutilized Abstraction
argouml,org.argouml.ui.cmd,ActionResolve,Unutilized Abstraction
argouml,org.argouml.ui.cmd,ActionResolve,Broken Hierarchy
argouml,org.argouml.ui.cmd,ActionShowRapidButtons,Unutilized Abstraction
argouml,org.argouml.ui.cmd,ActionSnooze,Unutilized Abstraction
argouml,org.argouml.ui.cmd,ActionSnooze,Broken Hierarchy
argouml,org.argouml.ui.cmd,ActionSystemInfo,Unutilized Abstraction
argouml,org.argouml.ui.cmd,CmdSetPreferredSize,Deficient Encapsulation
argouml,org.argouml.ui.cmd,GenericArgoMenuBar,Cyclic-Dependent Modularization
argouml,org.argouml.ui.cmd,InitMenusLater,Unutilized Abstraction
argouml,org.argouml.ui.cmd,LastRecentlyUsedMenuList,Cyclic-Dependent Modularization
argouml,org.argouml.ui.cmd,ToDoItemAction,Unutilized Abstraction
argouml,org.argouml.ui.explorer,DnDExplorerTree,Unutilized Abstraction
argouml,org.argouml.ui.explorer,ArgoDropTargetListener,Unutilized Abstraction
argouml,org.argouml.ui.explorer,DnDTreeSelectionListener,Unutilized Abstraction
argouml,org.argouml.ui.explorer,TransferableModelElement,Deficient Encapsulation
argouml,org.argouml.ui.explorer,ExplorerEventAdaptor,Cyclic-Dependent Modularization
argouml,org.argouml.ui.explorer,ExplorerPopup,Imperative Abstraction
argouml,org.argouml.ui.explorer,ExplorerPopup,Unutilized Abstraction
argouml,org.argouml.ui.explorer,ExplorerTree,Cyclic-Dependent Modularization
argouml,org.argouml.ui.explorer,NavigatorMouseListener,Unutilized Abstraction
argouml,org.argouml.ui.explorer,ExplorerTreeWillExpandListener,Unutilized Abstraction
argouml,org.argouml.ui.explorer,ExplorerTreeExpansionListener,Unutilized Abstraction
argouml,org.argouml.ui.explorer,NavigationTreeSelectionListener,Imperative Abstraction
argouml,org.argouml.ui.explorer,NavigationTreeSelectionListener,Unutilized Abstraction
argouml,org.argouml.ui.explorer,ExplorerTargetListener,Unutilized Abstraction
argouml,org.argouml.ui.explorer,ProjectPropertyChangeListener,Unutilized Abstraction
argouml,org.argouml.ui.explorer,ExplorerTreeModel,Deficient Encapsulation
argouml,org.argouml.ui.explorer,ExplorerTreeModel,Cyclic-Dependent Modularization
argouml,org.argouml.ui.explorer,ExplorerUpdater,Unutilized Abstraction
argouml,org.argouml.ui.explorer,ExplorerUpdater,Deficient Encapsulation
argouml,org.argouml.ui.explorer,ExplorerTreeNode,Cyclic-Dependent Modularization
argouml,org.argouml.ui.explorer,ExportExplorer,Unutilized Abstraction
argouml,org.argouml.ui.explorer,ExportExplorer,Broken Hierarchy
argouml,org.argouml.ui.explorer,NameOrder,Unutilized Abstraction
argouml,org.argouml.ui.explorer,PerspectiveComboBox,Unutilized Abstraction
argouml,org.argouml.ui.explorer,PerspectiveConfigurator,Cyclic-Dependent Modularization
argouml,org.argouml.ui.explorer,OkListener,Unutilized Abstraction
argouml,org.argouml.ui.explorer,NewPerspectiveListener,Unutilized Abstraction
argouml,org.argouml.ui.explorer,RemovePerspectiveListener,Unutilized Abstraction
argouml,org.argouml.ui.explorer,DuplicatePerspectiveListener,Unutilized Abstraction
argouml,org.argouml.ui.explorer,RuleListener,Unutilized Abstraction
argouml,org.argouml.ui.explorer,RuleListMouseListener,Unutilized Abstraction
argouml,org.argouml.ui.explorer,PerspectiveListSelectionListener,Unutilized Abstraction
argouml,org.argouml.ui.explorer,RulesListSelectionListener,Unutilized Abstraction
argouml,org.argouml.ui.explorer,LibraryListSelectionListener,Unutilized Abstraction
argouml,org.argouml.ui.explorer,PerspectiveManager,Cyclic-Dependent Modularization
argouml,org.argouml.ui.explorer,TypeThenNameOrder,Unutilized Abstraction
argouml,org.argouml.ui.explorer.rules,AbstractPerspectiveRule,Unutilized Abstraction
argouml,org.argouml.ui.explorer.rules,AbstractPerspectiveRule,Rebellious Hierarchy
argouml,org.argouml.ui.explorer.rules,AbstractPerspectiveRule,Wide Hierarchy
argouml,org.argouml.ui.explorer.rules,AssociationsNode,Unutilized Abstraction
argouml,org.argouml.ui.explorer.rules,AttributesNode,Unutilized Abstraction
argouml,org.argouml.ui.explorer.rules,GoAssocRoleMessages,Unutilized Abstraction
argouml,org.argouml.ui.explorer.rules,GoBehavioralFeatureToStateDiagram,Unutilized Abstraction
argouml,org.argouml.ui.explorer.rules,GoBehavioralFeatureToStateMachine,Unutilized Abstraction
argouml,org.argouml.ui.explorer.rules,GoClassifierToBeh,Unutilized Abstraction
argouml,org.argouml.ui.explorer.rules,GoClassifierToCollaboration,Unutilized Abstraction
argouml,org.argouml.ui.explorer.rules,GoClassifierToInstance,Unutilized Abstraction
argouml,org.argouml.ui.explorer.rules,GoClassifierToSequenceDiagram,Unutilized Abstraction
argouml,org.argouml.ui.explorer.rules,GoClassifierToStateMachine,Unutilized Abstraction
argouml,org.argouml.ui.explorer.rules,GoClassifierToStructuralFeature,Unutilized Abstraction
argouml,org.argouml.ui.explorer.rules,GoClassToAssociatedClass,Unutilized Abstraction
argouml,org.argouml.ui.explorer.rules,GoClassToNavigableClass,Unutilized Abstraction
argouml,org.argouml.ui.explorer.rules,GoClassToSummary,Unutilized Abstraction
argouml,org.argouml.ui.explorer.rules,GoCollaborationDiagram,Unutilized Abstraction
argouml,org.argouml.ui.explorer.rules,GoCollaborationInteraction,Unutilized Abstraction
argouml,org.argouml.ui.explorer.rules,GoCompositeStateToSubvertex,Unutilized Abstraction
argouml,org.argouml.ui.explorer.rules,GoDiagramToEdge,Unutilized Abstraction
argouml,org.argouml.ui.explorer.rules,GoDiagramToNode,Unutilized Abstraction
argouml,org.argouml.ui.explorer.rules,GoElementToMachine,Unutilized Abstraction
argouml,org.argouml.ui.explorer.rules,GoGenElementToDerived,Unutilized Abstraction
argouml,org.argouml.ui.explorer.rules,GoInteractionMessage,Unutilized Abstraction
argouml,org.argouml.ui.explorer.rules,GoInteractionMessages,Unutilized Abstraction
argouml,org.argouml.ui.explorer.rules,GoLinkStimuli,Unutilized Abstraction
argouml,org.argouml.ui.explorer.rules,GoMachineDiagram,Unutilized Abstraction
argouml,org.argouml.ui.explorer.rules,GoMachineToState,Unutilized Abstraction
argouml,org.argouml.ui.explorer.rules,GoMachineToTrans,Unutilized Abstraction
argouml,org.argouml.ui.explorer.rules,GoMessageAction,Unutilized Abstraction
argouml,org.argouml.ui.explorer.rules,GoModelElementToComment,Unutilized Abstraction
argouml,org.argouml.ui.explorer.rules,GoModelToBaseElements,Unutilized Abstraction
argouml,org.argouml.ui.explorer.rules,GoModelToClass,Unutilized Abstraction
argouml,org.argouml.ui.explorer.rules,GoModelToCollaboration,Unutilized Abstraction
argouml,org.argouml.ui.explorer.rules,GoModelToDiagrams,Unutilized Abstraction
argouml,org.argouml.ui.explorer.rules,GoModelToElements,Unutilized Abstraction
argouml,org.argouml.ui.explorer.rules,GoNamespaceToClassifierAndPackage,Unutilized Abstraction
argouml,org.argouml.ui.explorer.rules,GoNamespaceToDiagram,Unutilized Abstraction
argouml,org.argouml.ui.explorer.rules,GoNamespaceToOwnedElements,Unutilized Abstraction
argouml,org.argouml.ui.explorer.rules,GoOperationToCollaboration,Unutilized Abstraction
argouml,org.argouml.ui.explorer.rules,GoOperationToCollaborationDiagram,Unutilized Abstraction
argouml,org.argouml.ui.explorer.rules,GoOperationToSequenceDiagram,Unutilized Abstraction
argouml,org.argouml.ui.explorer.rules,GoProjectToCollaboration,Unutilized Abstraction
argouml,org.argouml.ui.explorer.rules,GoProjectToDiagram,Unutilized Abstraction
argouml,org.argouml.ui.explorer.rules,GoProjectToModel,Unutilized Abstraction
argouml,org.argouml.ui.explorer.rules,GoProjectToStateMachine,Unutilized Abstraction
argouml,org.argouml.ui.explorer.rules,GoSignalToReception,Unutilized Abstraction
argouml,org.argouml.ui.explorer.rules,GoStatemachineToDiagram,Unutilized Abstraction
argouml,org.argouml.ui.explorer.rules,GoStateMachineToTop,Unutilized Abstraction
argouml,org.argouml.ui.explorer.rules,GoStateMachineToTransition,Unutilized Abstraction
argouml,org.argouml.ui.explorer.rules,GoStateToDoActivity,Unutilized Abstraction
argouml,org.argouml.ui.explorer.rules,GoStateToDownstream,Unutilized Abstraction
argouml,org.argouml.ui.explorer.rules,GoStateToEntry,Unutilized Abstraction
argouml,org.argouml.ui.explorer.rules,GoStateToExit,Unutilized Abstraction
argouml,org.argouml.ui.explorer.rules,GoStateToIncomingTrans,Unutilized Abstraction
argouml,org.argouml.ui.explorer.rules,GoStateToInternalTrans,Unutilized Abstraction
argouml,org.argouml.ui.explorer.rules,GoStateToOutgoingTrans,Unutilized Abstraction
argouml,org.argouml.ui.explorer.rules,GoStimulusToAction,Unutilized Abstraction
argouml,org.argouml.ui.explorer.rules,GoSummaryToAssociation,Unutilized Abstraction
argouml,org.argouml.ui.explorer.rules,GoSummaryToAttribute,Unutilized Abstraction
argouml,org.argouml.ui.explorer.rules,GoSummaryToIncomingDependency,Unutilized Abstraction
argouml,org.argouml.ui.explorer.rules,GoSummaryToInheritance,Unutilized Abstraction
argouml,org.argouml.ui.explorer.rules,GoSummaryToOperation,Unutilized Abstraction
argouml,org.argouml.ui.explorer.rules,GoSummaryToOutgoingDependency,Unutilized Abstraction
argouml,org.argouml.ui.explorer.rules,GoTransitionToSource,Unutilized Abstraction
argouml,org.argouml.ui.explorer.rules,GoTransitionToTarget,Unutilized Abstraction
argouml,org.argouml.ui.explorer.rules,GoUseCaseToExtensionPoint,Unutilized Abstraction
argouml,org.argouml.ui.explorer.rules,IncomingDependencyNode,Unutilized Abstraction
argouml,org.argouml.ui.explorer.rules,InheritanceNode,Unutilized Abstraction
argouml,org.argouml.ui.explorer.rules,OperationsNode,Unutilized Abstraction
argouml,org.argouml.ui.explorer.rules,OutgoingDependencyNode,Unutilized Abstraction
argouml,org.argouml.ui.targetmanager,NavigateTargetBackAction,Cyclic-Dependent Modularization
argouml,org.argouml.ui.targetmanager,NavigateTargetForwardAction,Cyclic-Dependent Modularization
argouml,org.argouml.ui.targetmanager,TargetEvent,Deficient Encapsulation
argouml,org.argouml.ui.targetmanager,TargetManager,Cyclic-Dependent Modularization
argouml,org.argouml.ui.targetmanager,TargetManager,Insufficient Modularization
argouml,org.argouml.ui.targetmanager,HistoryManager,Cyclic-Dependent Modularization
argouml,org.argouml.ui.targetmanager,TargettableModelView,Unutilized Abstraction
argouml,org.argouml.ui.targetmanager,TestTargetManager,Insufficient Modularization
argouml,org.argouml.ui.targetmanager,TestTargetListener,Unutilized Abstraction
argouml,org.argouml.ui.targetmanager,Listener,Unutilized Abstraction
argouml,org.argouml.uml.cognitive.checklist,UMLCheckItem,Unutilized Abstraction
argouml,org.argouml.uml.cognitive,ChildGenFind,Cyclic-Dependent Modularization
argouml,org.argouml.uml.cognitive,ChildGenRelated,Cyclic-Dependent Modularization
argouml,org.argouml.uml.cognitive,UMLToDoItem,Unutilized Abstraction
argouml,org.argouml.uml.cognitive.critics,ChildGenUML,Imperative Abstraction
argouml,org.argouml.uml.cognitive.critics,CrAlreadyRealizes,Unutilized Abstraction
argouml,org.argouml.uml.cognitive.critics,CrAssocNameConflict,Unutilized Abstraction
argouml,org.argouml.uml.cognitive.critics,CrAttrNameConflict,Unutilized Abstraction
argouml,org.argouml.uml.cognitive.critics,CrCircularAssocClass,Unutilized Abstraction
argouml,org.argouml.uml.cognitive.critics,CrCircularComposition,Unutilized Abstraction
argouml,org.argouml.uml.cognitive.critics,CrCircularInheritance,Unutilized Abstraction
argouml,org.argouml.uml.cognitive.critics,CrClassMustBeAbstract,Unutilized Abstraction
argouml,org.argouml.uml.cognitive.critics,CrClassWithoutComponent,Unutilized Abstraction
argouml,org.argouml.uml.cognitive.critics,CrCompInstanceWithoutNode,Unutilized Abstraction
argouml,org.argouml.uml.cognitive.critics,CrComponentInstanceWithoutClassifier,Unutilized Abstraction
argouml,org.argouml.uml.cognitive.critics,CrComponentWithoutNode,Unutilized Abstraction
argouml,org.argouml.uml.cognitive.critics,CrConflictingComposites,Unutilized Abstraction
argouml,org.argouml.uml.cognitive.critics,CrConsiderFacade,Unutilized Abstraction
argouml,org.argouml.uml.cognitive.critics,CrConstructorNeeded,Unutilized Abstraction
argouml,org.argouml.uml.cognitive.critics,CrCrossNamespaceAssoc,Unutilized Abstraction
argouml,org.argouml.uml.cognitive.critics,CrDisambigClassName,Unutilized Abstraction
argouml,org.argouml.uml.cognitive.critics,CrDisambigStateName,Unutilized Abstraction
argouml,org.argouml.uml.cognitive.critics,CrDupParamName,Unutilized Abstraction
argouml,org.argouml.uml.cognitive.critics,CrDupRoleNames,Unutilized Abstraction
argouml,org.argouml.uml.cognitive.critics,CrEmptyPackage,Unutilized Abstraction
argouml,org.argouml.uml.cognitive.critics,CrFinalSubclassed,Unutilized Abstraction
argouml,org.argouml.uml.cognitive.critics,CrIllegalGeneralization,Unutilized Abstraction
argouml,org.argouml.uml.cognitive.critics,CrIllegalName,Unutilized Abstraction
argouml,org.argouml.uml.cognitive.critics,CrInstanceWithoutClassifier,Unutilized Abstraction
argouml,org.argouml.uml.cognitive.critics,CrInterfaceAllPublic,Unutilized Abstraction
argouml,org.argouml.uml.cognitive.critics,CrInterfaceOperOnly,Unutilized Abstraction
argouml,org.argouml.uml.cognitive.critics,CrInterfaceWithoutComponent,Unutilized Abstraction
argouml,org.argouml.uml.cognitive.critics,CrInvalidBranch,Unutilized Abstraction
argouml,org.argouml.uml.cognitive.critics,CrInvalidFork,Unutilized Abstraction
argouml,org.argouml.uml.cognitive.critics,CrInvalidInitial,Unutilized Abstraction
argouml,org.argouml.uml.cognitive.critics,CrInvalidJoin,Unutilized Abstraction
argouml,org.argouml.uml.cognitive.critics,CrMergeClasses,Unutilized Abstraction
argouml,org.argouml.uml.cognitive.critics,CrMissingAttrName,Unutilized Abstraction
argouml,org.argouml.uml.cognitive.critics,CrMissingClassName,Unutilized Abstraction
argouml,org.argouml.uml.cognitive.critics,CrMissingOperName,Unutilized Abstraction
argouml,org.argouml.uml.cognitive.critics,CrMissingStateName,Unutilized Abstraction
argouml,org.argouml.uml.cognitive.critics,CrMultiComposite,Unutilized Abstraction
argouml,org.argouml.uml.cognitive.critics,CrMultipleAgg,Unutilized Abstraction
argouml,org.argouml.uml.cognitive.critics,CrMultipleInitialStates,Unutilized Abstraction
argouml,org.argouml.uml.cognitive.critics,CrNameConflict,Unutilized Abstraction
argouml,org.argouml.uml.cognitive.critics,CrNameConflictAC,Unutilized Abstraction
argouml,org.argouml.uml.cognitive.critics,CrNameConfusion,Unutilized Abstraction
argouml,org.argouml.uml.cognitive.critics,CrNavFromInterface,Unutilized Abstraction
argouml,org.argouml.uml.cognitive.critics,CrNoAssociations,Unutilized Abstraction
argouml,org.argouml.uml.cognitive.critics,CrNodeInsideElement,Unutilized Abstraction
argouml,org.argouml.uml.cognitive.critics,CrNodeInstanceInsideElement,Unutilized Abstraction
argouml,org.argouml.uml.cognitive.critics,CrNodeInstanceWithoutClassifier,Unutilized Abstraction
argouml,org.argouml.uml.cognitive.critics,CrNoGuard,Unutilized Abstraction
argouml,org.argouml.uml.cognitive.critics,CrNoIncomingTransitions,Unutilized Abstraction
argouml,org.argouml.uml.cognitive.critics,CrNoInitialState,Unutilized Abstraction
argouml,org.argouml.uml.cognitive.critics,CrNoInstanceVariables,Unutilized Abstraction
argouml,org.argouml.uml.cognitive.critics,CrNonAggDataType,Unutilized Abstraction
argouml,org.argouml.uml.cognitive.critics,CrNoOperations,Unutilized Abstraction
argouml,org.argouml.uml.cognitive.critics,CrNoOutgoingTransitions,Unutilized Abstraction
argouml,org.argouml.uml.cognitive.critics,CrNoTransitions,Unutilized Abstraction
argouml,org.argouml.uml.cognitive.critics,CrNoTriggerOrGuard,Unutilized Abstraction
argouml,org.argouml.uml.cognitive.critics,CrNWayAgg,Unutilized Abstraction
argouml,org.argouml.uml.cognitive.critics,CrObjectWithoutClassifier,Unutilized Abstraction
argouml,org.argouml.uml.cognitive.critics,CrObjectWithoutComponent,Unutilized Abstraction
argouml,org.argouml.uml.cognitive.critics,CrOperNameConflict,Unutilized Abstraction
argouml,org.argouml.uml.cognitive.critics,CrOppEndConflict,Unutilized Abstraction
argouml,org.argouml.uml.cognitive.critics,CrOppEndVsAttr,Unutilized Abstraction
argouml,org.argouml.uml.cognitive.critics,CrReservedName,Unutilized Abstraction
argouml,org.argouml.uml.cognitive.critics,CrSeqInstanceWithoutClassifier,Unutilized Abstraction
argouml,org.argouml.uml.cognitive.critics,CrSubclassReference,Unutilized Abstraction
argouml,org.argouml.uml.cognitive.critics,CrTooManyAssoc,Unutilized Abstraction
argouml,org.argouml.uml.cognitive.critics,CrTooManyAttr,Unutilized Abstraction
argouml,org.argouml.uml.cognitive.critics,CrTooManyClasses,Unutilized Abstraction
argouml,org.argouml.uml.cognitive.critics,CrTooManyOper,Unutilized Abstraction
argouml,org.argouml.uml.cognitive.critics,CrTooManyStates,Unutilized Abstraction
argouml,org.argouml.uml.cognitive.critics,CrTooManyTransitions,Unutilized Abstraction
argouml,org.argouml.uml.cognitive.critics,CrUML,Deficient Encapsulation
argouml,org.argouml.uml.cognitive.critics,CrUML,Wide Hierarchy
argouml,org.argouml.uml.cognitive.critics,CrUnconventionalAttrName,Unutilized Abstraction
argouml,org.argouml.uml.cognitive.critics,CrUnconventionalClassName,Unutilized Abstraction
argouml,org.argouml.uml.cognitive.critics,CrUnconventionalOperName,Unutilized Abstraction
argouml,org.argouml.uml.cognitive.critics,CrUnconventionalPackName,Unutilized Abstraction
argouml,org.argouml.uml.cognitive.critics,CrUnnavigableAssoc,Unutilized Abstraction
argouml,org.argouml.uml.cognitive.critics,CrUselessAbstract,Unutilized Abstraction
argouml,org.argouml.uml.cognitive.critics,ChildGenDerivedClasses,Unutilized Abstraction
argouml,org.argouml.uml.cognitive.critics,CrUselessInterface,Unutilized Abstraction
argouml,org.argouml.uml.cognitive.critics,CrUtilityViolated,Unutilized Abstraction
argouml,org.argouml.uml.cognitive.critics,CrWrongDepEnds,Unutilized Abstraction
argouml,org.argouml.uml.cognitive.critics,CrWrongLinkEnds,Unutilized Abstraction
argouml,org.argouml.uml.cognitive.critics,Init,Imperative Abstraction
argouml,org.argouml.uml.cognitive.critics,WizAddConstructor,Unutilized Abstraction
argouml,org.argouml.uml.cognitive.critics,WizAddInstanceVariable,Unutilized Abstraction
argouml,org.argouml.uml.cognitive.critics,WizAddOperation,Unutilized Abstraction
argouml,org.argouml.uml.cognitive.critics,WizAssocComposite,Unutilized Abstraction
argouml,org.argouml.uml.cognitive.critics,WizBreakCircularComp,Unutilized Abstraction
argouml,org.argouml.uml.cognitive.critics,WizManyNames,Unutilized Abstraction
argouml,org.argouml.uml.cognitive.critics,WizMEName,Unutilized Abstraction
argouml,org.argouml.uml.cognitive.critics,WizNavigable,Unutilized Abstraction
argouml,org.argouml.uml.cognitive.critics,WizOperName,Unutilized Abstraction
argouml,org.argouml.uml.diagram.activity,ActivityDiagramGraphModel,Cyclic-Dependent Modularization
argouml,org.argouml.uml.diagram.activity.ui,ActivityDiagramRenderer,Cyclic-Dependent Modularization
argouml,org.argouml.uml.diagram.activity.ui,SelectionActionState,Unutilized Abstraction
argouml,org.argouml.uml.diagram.activity.ui,UMLActivityDiagram,Cyclic-Dependent Modularization
argouml,org.argouml.uml.diagram.collaboration,CollabDiagramGraphModel,Cyclic-Dependent Modularization
argouml,org.argouml.uml.diagram.collaboration.ui,CollabDiagramRenderer,Cyclic-Dependent Modularization
argouml,org.argouml.uml.diagram.collaboration.ui,FigAssociationRole,Cyclic-Dependent Modularization
argouml,org.argouml.uml.diagram.collaboration.ui,FigMessageGroup,Unutilized Abstraction
argouml,org.argouml.uml.diagram.collaboration.ui,SelectionClassifierRole,Unutilized Abstraction
argouml,org.argouml.uml.diagram.collaboration.ui,UMLCollaborationDiagram,Cyclic-Dependent Modularization
argouml,org.argouml.uml.diagram.deployment,DeploymentDiagramGraphModel,Cyclic-Dependent Modularization
argouml,org.argouml.uml.diagram.deployment.ui,DeploymentDiagramRenderer,Cyclic-Dependent Modularization
argouml,org.argouml.uml.diagram.deployment.ui,SelectionComponent,Unutilized Abstraction
argouml,org.argouml.uml.diagram.deployment.ui,SelectionComponentInstance,Unutilized Abstraction
argouml,org.argouml.uml.diagram.deployment.ui,SelectionNode,Unutilized Abstraction
argouml,org.argouml.uml.diagram.deployment.ui,SelectionNodeInstance,Unutilized Abstraction
argouml,org.argouml.uml.diagram.deployment.ui,SelectionObject,Unutilized Abstraction
argouml,org.argouml.uml.diagram.deployment.ui,UMLDeploymentDiagram,Cyclic-Dependent Modularization
argouml,org.argouml.uml.diagram.layout,LayoutedContainer,Unutilized Abstraction
argouml,org.argouml.uml.diagram.layout,LayoutedEdge,Unutilized Abstraction
argouml,org.argouml.uml.diagram.layout,LayoutedEdge,Broken Hierarchy
argouml,org.argouml.uml.diagram.layout,LayoutedNode,Unutilized Abstraction
argouml,org.argouml.uml.diagram.layout,LayoutedObject,Unnecessary Abstraction
argouml,org.argouml.uml.diagram.layout,Layouter,Unutilized Abstraction
argouml,org.argouml.uml.diagram.layout,LayoutHelper,Deficient Encapsulation
argouml,org.argouml.uml.diagram,ProjectMemberDiagram,Cyclic-Dependent Modularization
argouml,org.argouml.uml.diagram.sequence,ActivationNode,Broken Hierarchy
argouml,org.argouml.uml.diagram.sequence,EmptyNode,Unutilized Abstraction
argouml,org.argouml.uml.diagram.sequence,EmptyNode,Broken Hierarchy
argouml,org.argouml.uml.diagram.sequence,LinkNode,Broken Hierarchy
argouml,org.argouml.uml.diagram.sequence,ObjectNode,Broken Hierarchy
argouml,org.argouml.uml.diagram.sequence,SequenceDiagramGraphModel,Unexploited Encapsulation
argouml,org.argouml.uml.diagram.sequence,SequenceDiagramGraphModel,Missing Hierarchy
argouml,org.argouml.uml.diagram.sequence,SequenceDiagramGraphModel,Cyclic-Dependent Modularization
argouml,org.argouml.uml.diagram.sequence,SequenceDiagramGraphModel,Insufficient Modularization
argouml,org.argouml.uml.diagram.sequence,CanConnectCmd,Cyclic-Dependent Modularization
argouml,org.argouml.uml.diagram.sequence,CanConnectCallActionCmd,Unutilized Abstraction
argouml,org.argouml.uml.diagram.sequence,CanConnectCallActionCmd,Unexploited Encapsulation
argouml,org.argouml.uml.diagram.sequence,CanConnectCallActionCmd,Missing Hierarchy
argouml,org.argouml.uml.diagram.sequence,CanConnectDestroyActionCmd,Unutilized Abstraction
argouml,org.argouml.uml.diagram.sequence,CanConnectDestroyActionCmd,Unexploited Encapsulation
argouml,org.argouml.uml.diagram.sequence,CanConnectDestroyActionCmd,Missing Hierarchy
argouml,org.argouml.uml.diagram.sequence,CanConnectReturnActionCmd,Unutilized Abstraction
argouml,org.argouml.uml.diagram.sequence,CanConnectReturnActionCmd,Unexploited Encapsulation
argouml,org.argouml.uml.diagram.sequence,CanConnectReturnActionCmd,Missing Hierarchy
argouml,org.argouml.uml.diagram.sequence,CanConnectCreateActionCmd,Unutilized Abstraction
argouml,org.argouml.uml.diagram.sequence.ui,ActionAddObject,Unutilized Abstraction
argouml,org.argouml.uml.diagram.sequence.ui,FigCallActionLink,Unutilized Abstraction
argouml,org.argouml.uml.diagram.sequence.ui,FigCallActionLink,Broken Hierarchy
argouml,org.argouml.uml.diagram.sequence.ui,FigCreateActionLink,Unutilized Abstraction
argouml,org.argouml.uml.diagram.sequence.ui,FigCreateActionLink,Broken Hierarchy
argouml,org.argouml.uml.diagram.sequence.ui,FigDestroyActionLink,Unutilized Abstraction
argouml,org.argouml.uml.diagram.sequence.ui,FigDestroyActionLink,Broken Hierarchy
argouml,org.argouml.uml.diagram.sequence.ui,FigLink,Cyclic-Dependent Modularization
argouml,org.argouml.uml.diagram.sequence.ui,FigLinkPort,Deficient Encapsulation
argouml,org.argouml.uml.diagram.sequence.ui,FigObject,Deficient Encapsulation
argouml,org.argouml.uml.diagram.sequence.ui,FigObject,Cyclic-Dependent Modularization
argouml,org.argouml.uml.diagram.sequence.ui,FigObject,Insufficient Modularization
argouml,org.argouml.uml.diagram.sequence.ui,FigReturnActionLink,Unutilized Abstraction
argouml,org.argouml.uml.diagram.sequence.ui,FigReturnActionLink,Broken Hierarchy
argouml,org.argouml.uml.diagram.sequence.ui,ModeCreateLink,Unutilized Abstraction
argouml,org.argouml.uml.diagram.sequence.ui,SequenceDiagramLayout,Deficient Encapsulation
argouml,org.argouml.uml.diagram.sequence.ui,SequenceDiagramRenderer,Cyclic-Dependent Modularization
argouml,org.argouml.uml.diagram.sequence.ui,UMLSequenceDiagram,Cyclic-Dependent Modularization
argouml,org.argouml.uml.diagram.state,StateDiagramGraphModel,Cyclic-Dependent Modularization
argouml,org.argouml.uml.diagram.state,StateDiagramGraphModel,Insufficient Modularization
argouml,org.argouml.uml.diagram.static_structure,ClassDiagramGraphModel,Cyclic-Dependent Modularization
argouml,org.argouml.uml.diagram.static_structure.layout,ClassdiagramAssociationEdge,Unutilized Abstraction
argouml,org.argouml.uml.diagram.static_structure.layout,ClassdiagramGeneralizationEdge,Unutilized Abstraction
argouml,org.argouml.uml.diagram.static_structure.layout,ClassdiagramInheritanceEdge,Unutilized Abstraction
argouml,org.argouml.uml.diagram.static_structure.layout,ClassdiagramModelElementFactory,Deficient Encapsulation
argouml,org.argouml.uml.diagram.static_structure.layout,ClassdiagramNode,Deficient Encapsulation
argouml,org.argouml.uml.diagram.static_structure.layout,ClassdiagramNode,Insufficient Modularization
argouml,org.argouml.uml.diagram.static_structure.layout,ClassdiagramRealizationEdge,Unutilized Abstraction
argouml,org.argouml.uml.diagram.ui,ActionAddAssociation,Unutilized Abstraction
argouml,org.argouml.uml.diagram.ui,ActionAddAssociationRole,Unutilized Abstraction
argouml,org.argouml.uml.diagram.ui,ActionAddAttribute,Cyclic-Dependent Modularization
argouml,org.argouml.uml.diagram.ui,ActionAddExistingEdge,Unutilized Abstraction
argouml,org.argouml.uml.diagram.ui,ActionAddExistingNode,Unutilized Abstraction
argouml,org.argouml.uml.diagram.ui,ActionAddExtensionPoint,Cyclic-Dependent Modularization
argouml,org.argouml.uml.diagram.ui,ActionAddMessage,Cyclic-Dependent Modularization
argouml,org.argouml.uml.diagram.ui,ActionAddOperation,Cyclic-Dependent Modularization
argouml,org.argouml.uml.diagram.ui,ActionAggregation,Multifaceted Abstraction
argouml,org.argouml.uml.diagram.ui,ActionAggregation,Cyclic-Dependent Modularization
argouml,org.argouml.uml.diagram.ui,ActionCompartmentDisplay,Multifaceted Abstraction
argouml,org.argouml.uml.diagram.ui,ActionDeleteFromDiagram,Cyclic-Dependent Modularization
argouml,org.argouml.uml.diagram.ui,ActionModifier,Unutilized Abstraction
argouml,org.argouml.uml.diagram.ui,ActionMultiplicity,Multifaceted Abstraction
argouml,org.argouml.uml.diagram.ui,ActionMultiplicity,Cyclic-Dependent Modularization
argouml,org.argouml.uml.diagram.ui,ActionNavigability,Deficient Encapsulation
argouml,org.argouml.uml.diagram.ui,ActionNavigability,Cyclic-Dependent Modularization
argouml,org.argouml.uml.diagram.ui,ActionSaveDiagramToClipboard,Unutilized Abstraction
argouml,org.argouml.uml.diagram.ui,ImageSelection,Unutilized Abstraction
argouml,org.argouml.uml.diagram.ui,AttributesCompartmentContainer,Unutilized Abstraction
argouml,org.argouml.uml.diagram.ui,DiagramInfo,Cyclic-Dependent Modularization
argouml,org.argouml.uml.diagram.ui,FeaturesCompartmentContainer,Unnecessary Abstraction
argouml,org.argouml.uml.diagram.ui,FeaturesCompartmentContainer,Unutilized Abstraction
argouml,org.argouml.uml.diagram.ui,FigAssociation,Cyclic-Dependent Modularization
argouml,org.argouml.uml.diagram.ui,FigAttributesCompartment,Unutilized Abstraction
argouml,org.argouml.uml.diagram.ui,FigAttributesCompartment,Broken Hierarchy
argouml,org.argouml.uml.diagram.ui,FigCompartment,Unnecessary Abstraction
argouml,org.argouml.uml.diagram.ui,FigDependency,Cyclic-Dependent Modularization
argouml,org.argouml.uml.diagram.ui,FigEdgeModelElement,Insufficient Modularization
argouml,org.argouml.uml.diagram.ui,FigFeaturesCompartment,Unutilized Abstraction
argouml,org.argouml.uml.diagram.ui,FigFeaturesCompartment,Broken Hierarchy
argouml,org.argouml.uml.diagram.ui,FigGeneralization,Cyclic-Dependent Modularization
argouml,org.argouml.uml.diagram.ui,FigMessage,Cyclic-Dependent Modularization
argouml,org.argouml.uml.diagram.ui,FigMessage,Insufficient Modularization
argouml,org.argouml.uml.diagram.ui,FigNameCompartment,Broken Hierarchy
argouml,org.argouml.uml.diagram.ui,FigNodeModelElement,Missing Hierarchy
argouml,org.argouml.uml.diagram.ui,FigNodeModelElement,Insufficient Modularization
argouml,org.argouml.uml.diagram.ui,FigNote,Unutilized Abstraction
argouml,org.argouml.uml.diagram.ui,FigNote,Broken Hierarchy
argouml,org.argouml.uml.diagram.ui,FigOperationsCompartment,Unutilized Abstraction
argouml,org.argouml.uml.diagram.ui,FigOperationsCompartment,Broken Hierarchy
argouml,org.argouml.uml.diagram.ui,FigPermission,Broken Hierarchy
argouml,org.argouml.uml.diagram.ui,FigRealization,Broken Hierarchy
argouml,org.argouml.uml.diagram.ui,FigTrace,Unutilized Abstraction
argouml,org.argouml.uml.diagram.ui,FigUsage,Broken Hierarchy
argouml,org.argouml.uml.diagram.ui,FigUsage,Cyclic-Dependent Modularization
argouml,org.argouml.uml.diagram.ui,OperationsCompartmentContainer,Unutilized Abstraction
argouml,org.argouml.uml.diagram.ui,PropPanelDiagram,Unutilized Abstraction
argouml,org.argouml.uml.diagram.ui,PropPanelString,Unutilized Abstraction
argouml,org.argouml.uml.diagram.ui,PropPanelUMLActivityDiagram,Unutilized Abstraction
argouml,org.argouml.uml.diagram.ui,PropPanelUMLActivityDiagram,Broken Hierarchy
argouml,org.argouml.uml.diagram.ui,PropPanelUMLClassDiagram,Unutilized Abstraction
argouml,org.argouml.uml.diagram.ui,PropPanelUMLClassDiagram,Broken Hierarchy
argouml,org.argouml.uml.diagram.ui,PropPanelUMLCollaborationDiagram,Unutilized Abstraction
argouml,org.argouml.uml.diagram.ui,PropPanelUMLCollaborationDiagram,Broken Hierarchy
argouml,org.argouml.uml.diagram.ui,PropPanelUMLDeploymentDiagram,Unutilized Abstraction
argouml,org.argouml.uml.diagram.ui,PropPanelUMLDeploymentDiagram,Broken Hierarchy
argouml,org.argouml.uml.diagram.ui,PropPanelUMLSequenceDiagram,Unutilized Abstraction
argouml,org.argouml.uml.diagram.ui,PropPanelUMLSequenceDiagram,Broken Hierarchy
argouml,org.argouml.uml.diagram.ui,PropPanelUMLStateDiagram,Unutilized Abstraction
argouml,org.argouml.uml.diagram.ui,PropPanelUMLStateDiagram,Broken Hierarchy
argouml,org.argouml.uml.diagram.ui,PropPanelUMLUseCaseDiagram,Unutilized Abstraction
argouml,org.argouml.uml.diagram.ui,PropPanelUMLUseCaseDiagram,Broken Hierarchy
argouml,org.argouml.uml.diagram.ui,RadioAction,Unutilized Abstraction
argouml,org.argouml.uml.diagram.ui,SelectionEdgeClarifiers,Unutilized Abstraction
argouml,org.argouml.uml.diagram.ui,SelectionMoveClarifiers,Unutilized Abstraction
argouml,org.argouml.uml.diagram.ui,SelectionNodeClarifiers,Unutilized Abstraction
argouml,org.argouml.uml.diagram.ui,SelectionRerouteEdge,Unutilized Abstraction
argouml,org.argouml.uml.diagram.ui,SelectionRerouteEdge,Broken Hierarchy
argouml,org.argouml.uml.diagram.ui,SelectionWButtons,Unutilized Abstraction
argouml,org.argouml.uml.diagram.ui,SelectionWButtons,Insufficient Modularization
argouml,org.argouml.uml.diagram.ui,SPFigEdgeModelElement,Unutilized Abstraction
argouml,org.argouml.uml.diagram.ui,StylePanelFigMessage,Unutilized Abstraction
argouml,org.argouml.uml.diagram.ui,TabDiagram,Cyclic-Dependent Modularization
argouml,org.argouml.uml.diagram.ui,ArgoJGraph,Unutilized Abstraction
argouml,org.argouml.uml.diagram.ui,ArgoEditor,Unutilized Abstraction
argouml,org.argouml.uml.diagram.ui,UMLDiagram,Cyclic-Dependent Modularization
argouml,org.argouml.uml.diagram.ui,UMLDiagram,Insufficient Modularization
argouml,org.argouml.uml.diagram.ui,TestActionAddAllClassesFromModel,Unutilized Abstraction
argouml,org.argouml.uml.diagram.use_case,UseCaseDiagramGraphModel,Cyclic-Dependent Modularization
argouml,org.argouml.uml,GenAncestorClasses,Unutilized Abstraction
argouml,org.argouml.uml,PredicateFind,Cyclic-Dependent Modularization
argouml,org.argouml.uml,ProfileJava,Cyclic-Dependent Modularization
argouml,org.argouml.uml,ProjectMemberModel,Unutilized Abstraction
argouml,org.argouml.uml,SuperclassGen,Unutilized Abstraction
argouml,org.argouml.uml,TMResults,Cyclic-Dependent Modularization
argouml,org.argouml.uml,UMLChangeRegistry,Unutilized Abstraction
argouml,org.argouml.uml,UUIDManager,Cyclic-Dependent Modularization
argouml,org.argouml.uml.generator,FileGenerator,Deficient Encapsulation
argouml,org.argouml.uml.generator,Generator2,Deficient Encapsulation
argouml,org.argouml.uml.generator,Generator2,Cyclic-Dependent Modularization
argouml,org.argouml.uml.generator,Generator2,Insufficient Modularization
argouml,org.argouml.uml.generator,GeneratorDisplay,Deficient Encapsulation
argouml,org.argouml.uml.generator,GeneratorDisplay,Cyclic-Dependent Modularization
argouml,org.argouml.uml.generator,GeneratorDisplay,Insufficient Modularization
argouml,org.argouml.uml.generator,MsgPtr,Unnecessary Abstraction
argouml,org.argouml.uml.generator,MsgPtr,Unutilized Abstraction
argouml,org.argouml.uml.generator,MsgPtr,Deficient Encapsulation
argouml,org.argouml.uml.generator,Parser,Unutilized Abstraction
argouml,org.argouml.uml.generator,PropertyOperation,Unutilized Abstraction
argouml,org.argouml.uml.generator,PropertySpecialString,Unutilized Abstraction
argouml,org.argouml.uml.generator,ParserDisplay,Unutilized Abstraction
argouml,org.argouml.uml.generator,ParserDisplay,Deficient Encapsulation
argouml,org.argouml.uml.generator,ParserDisplay,Cyclic-Dependent Modularization
argouml,org.argouml.uml.generator,ParserDisplay,Insufficient Modularization
argouml,org.argouml.uml.generator,GUITestParseMessage,Unutilized Abstraction
argouml,org.argouml.uml.generator,GUITestParserDisplay,Unutilized Abstraction
argouml,org.argouml.uml.generator,GUITestParserDisplay,Insufficient Modularization
argouml,org.argouml.uml.generator,TestParserDisplay,Multifaceted Abstraction
argouml,org.argouml.uml.generator.ui,ClassGenerationDialog,Cyclic-Dependent Modularization
argouml,org.argouml.uml.generator.ui,TableModelClassChecks,Unutilized Abstraction
argouml,org.argouml.uml.reveng,FileImportSupport,Unutilized Abstraction
argouml,org.argouml.uml.reveng,Import,Cyclic-Dependent Modularization
argouml,org.argouml.uml.reveng,Import,Insufficient Modularization
argouml,org.argouml.uml.reveng,ImportRun,Unutilized Abstraction
argouml,org.argouml.uml.reveng,ImportStatusScreen,Unutilized Abstraction
argouml,org.argouml.uml.reveng,ProblemsDialog,Unutilized Abstraction
argouml,org.argouml.uml.reveng,ImportClasspathDialog,Unutilized Abstraction
argouml,org.argouml.uml.reveng,OkListener,Unutilized Abstraction
argouml,org.argouml.uml.reveng,RemoveListener,Unutilized Abstraction
argouml,org.argouml.uml.reveng,AddListener,Unutilized Abstraction
argouml,org.argouml.uml.reveng.java,ArgoToken,Unutilized Abstraction
argouml,org.argouml.uml.reveng.java,ClassifierContext,Unutilized Abstraction
argouml,org.argouml.uml.reveng.java,ClassifierNotFoundException,Unutilized Abstraction
argouml,org.argouml.uml.reveng.java,JavaImport,Unutilized Abstraction
argouml,org.argouml.uml.reveng.java,Modeller,Insufficient Modularization
argouml,org.argouml.uml.reveng.java,OuterClassifierContext,Unutilized Abstraction
argouml,org.argouml.uml.reveng.java,PackageContext,Unutilized Abstraction
argouml,org.argouml.uml.ui.behavior.activity_graphs,ActionSetObjectFlowStateClassifier,Deficient Encapsulation
argouml,org.argouml.uml.ui.behavior.activity_graphs,PropPanelActionState,Unutilized Abstraction
argouml,org.argouml.uml.ui.behavior.activity_graphs,PropPanelActivityGraph,Unutilized Abstraction
argouml,org.argouml.uml.ui.behavior.activity_graphs,PropPanelCallState,Unutilized Abstraction
argouml,org.argouml.uml.ui.behavior.activity_graphs,PropPanelCallState,Broken Hierarchy
argouml,org.argouml.uml.ui.behavior.activity_graphs,PropPanelObjectFlowState,Unutilized Abstraction
argouml,org.argouml.uml.ui.behavior.activity_graphs,PropPanelPartition,Unutilized Abstraction
argouml,org.argouml.uml.ui.behavior.activity_graphs,PropPanelSubactivityState,Unutilized Abstraction
argouml,org.argouml.uml.ui.behavior.activity_graphs,UMLPartitionContentsListModel,Unutilized Abstraction
argouml,org.argouml.uml.ui.behavior.collaborations,ActionAddClassifierRoleBase,Deficient Encapsulation
argouml,org.argouml.uml.ui.behavior.collaborations,PropPanelAssociationEndRole,Unutilized Abstraction
argouml,org.argouml.uml.ui.behavior.collaborations,PropPanelAssociationRole,Unutilized Abstraction
argouml,org.argouml.uml.ui.behavior.collaborations,PropPanelClassifierRole,Unutilized Abstraction
argouml,org.argouml.uml.ui.behavior.collaborations,PropPanelCollaboration,Unutilized Abstraction
argouml,org.argouml.uml.ui.behavior.collaborations,PropPanelInteraction,Unutilized Abstraction
argouml,org.argouml.uml.ui.behavior.collaborations,PropPanelMessage,Unutilized Abstraction
argouml,org.argouml.uml.ui.behavior.collaborations,UMLAssociationEndRoleBaseListModel,Unutilized Abstraction
argouml,org.argouml.uml.ui.behavior.collaborations,UMLAssociationRoleAssociationEndRoleListModel,Unutilized Abstraction
argouml,org.argouml.uml.ui.behavior.collaborations,UMLAssociationRoleMessageListModel,Unutilized Abstraction
argouml,org.argouml.uml.ui.behavior.collaborations,UMLClassifierRoleAssociationRoleListModel,Unutilized Abstraction
argouml,org.argouml.uml.ui.behavior.collaborations,UMLClassifierRoleAvailableContentsListModel,Unutilized Abstraction
argouml,org.argouml.uml.ui.behavior.collaborations,UMLClassifierRoleAvailableFeaturesListModel,Unutilized Abstraction
argouml,org.argouml.uml.ui.behavior.collaborations,UMLClassifierRoleBaseListModel,Unutilized Abstraction
argouml,org.argouml.uml.ui.behavior.collaborations,UMLClassifierRoleMultiplicityComboBoxModel,Unutilized Abstraction
argouml,org.argouml.uml.ui.behavior.collaborations,UMLCollaborationConstrainingElementListModel,Unutilized Abstraction
argouml,org.argouml.uml.ui.behavior.collaborations,UMLCollaborationInteractionListModel,Unutilized Abstraction
argouml,org.argouml.uml.ui.behavior.collaborations,UMLInteractionMessagesListModel,Unutilized Abstraction
argouml,org.argouml.uml.ui.behavior.collaborations,UMLMessageActivatorComboBox,Unutilized Abstraction
argouml,org.argouml.uml.ui.behavior.collaborations,UMLMessageInteractionListModel,Unutilized Abstraction
argouml,org.argouml.uml.ui.behavior.collaborations,UMLMessagePredecessorListModel,Unutilized Abstraction
argouml,org.argouml.uml.ui.behavior.common_behavior,ActionAddInstanceClassifier,Unutilized Abstraction
argouml,org.argouml.uml.ui.behavior.common_behavior,ActionNewAction,Deficient Encapsulation
argouml,org.argouml.uml.ui.behavior.common_behavior,Roles,Unnecessary Abstraction
argouml,org.argouml.uml.ui.behavior.common_behavior,Roles,Deficient Encapsulation
argouml,org.argouml.uml.ui.behavior.common_behavior,Roles,Broken Modularization
argouml,org.argouml.uml.ui.behavior.common_behavior,ActionNewCallAction,Broken Hierarchy
argouml,org.argouml.uml.ui.behavior.common_behavior,ActionNewCreateAction,Broken Hierarchy
argouml,org.argouml.uml.ui.behavior.common_behavior,ActionNewDestroyAction,Broken Hierarchy
argouml,org.argouml.uml.ui.behavior.common_behavior,ActionNewReception,Deficient Encapsulation
argouml,org.argouml.uml.ui.behavior.common_behavior,ActionNewReturnAction,Broken Hierarchy
argouml,org.argouml.uml.ui.behavior.common_behavior,ActionNewSendAction,Broken Hierarchy
argouml,org.argouml.uml.ui.behavior.common_behavior,ActionNewTerminateAction,Broken Hierarchy
argouml,org.argouml.uml.ui.behavior.common_behavior,ActionNewUninterpretedAction,Broken Hierarchy
argouml,org.argouml.uml.ui.behavior.common_behavior,PopupMenuNewAction,Unutilized Abstraction
argouml,org.argouml.uml.ui.behavior.common_behavior,PropPanelAction,Unutilized Abstraction
argouml,org.argouml.uml.ui.behavior.common_behavior,PropPanelCallAction,Unutilized Abstraction
argouml,org.argouml.uml.ui.behavior.common_behavior,PropPanelCallAction,Broken Hierarchy
argouml,org.argouml.uml.ui.behavior.common_behavior,PropPanelComponentInstance,Unutilized Abstraction
argouml,org.argouml.uml.ui.behavior.common_behavior,PropPanelCreateAction,Unutilized Abstraction
argouml,org.argouml.uml.ui.behavior.common_behavior,PropPanelCreateAction,Broken Hierarchy
argouml,org.argouml.uml.ui.behavior.common_behavior,PropPanelDestroyAction,Unutilized Abstraction
argouml,org.argouml.uml.ui.behavior.common_behavior,PropPanelDestroyAction,Broken Hierarchy
argouml,org.argouml.uml.ui.behavior.common_behavior,PropPanelInstance,Unutilized Abstraction
argouml,org.argouml.uml.ui.behavior.common_behavior,PropPanelLink,Unutilized Abstraction
argouml,org.argouml.uml.ui.behavior.common_behavior,PropPanelLinkEnd,Unutilized Abstraction
argouml,org.argouml.uml.ui.behavior.common_behavior,PropPanelNodeInstance,Unutilized Abstraction
argouml,org.argouml.uml.ui.behavior.common_behavior,PropPanelObject,Unutilized Abstraction
argouml,org.argouml.uml.ui.behavior.common_behavior,PropPanelReception,Unutilized Abstraction
argouml,org.argouml.uml.ui.behavior.common_behavior,PropPanelReturnAction,Unutilized Abstraction
argouml,org.argouml.uml.ui.behavior.common_behavior,PropPanelReturnAction,Broken Hierarchy
argouml,org.argouml.uml.ui.behavior.common_behavior,PropPanelSendAction,Unutilized Abstraction
argouml,org.argouml.uml.ui.behavior.common_behavior,PropPanelSendAction,Broken Hierarchy
argouml,org.argouml.uml.ui.behavior.common_behavior,PropPanelSignal,Unutilized Abstraction
argouml,org.argouml.uml.ui.behavior.common_behavior,PropPanelStimulus,Unutilized Abstraction
argouml,org.argouml.uml.ui.behavior.common_behavior,PropPanelTerminateAction,Unutilized Abstraction
argouml,org.argouml.uml.ui.behavior.common_behavior,PropPanelTerminateAction,Broken Hierarchy
argouml,org.argouml.uml.ui.behavior.common_behavior,PropPanelUninterpretedAction,Unutilized Abstraction
argouml,org.argouml.uml.ui.behavior.common_behavior,PropPanelUninterpretedAction,Broken Hierarchy
argouml,org.argouml.uml.ui.behavior.common_behavior,UMLInstanceClassifierListModel,Unutilized Abstraction
argouml,org.argouml.uml.ui.behavior.common_behavior,UMLInstanceLinkEndListModel,Unutilized Abstraction
argouml,org.argouml.uml.ui.behavior.common_behavior,UMLLinkConnectionListModel,Unutilized Abstraction
argouml,org.argouml.uml.ui.behavior.common_behavior,UMLReceptionSignalComboBox,Unutilized Abstraction
argouml,org.argouml.uml.ui.behavior.common_behavior,UMLReceptionSpecificationDocument,Unutilized Abstraction
argouml,org.argouml.uml.ui.behavior.common_behavior,UMLStimulusReceiverListModel,Unutilized Abstraction
argouml,org.argouml.uml.ui.behavior.common_behavior,UMLStimulusSenderListModel,Unutilized Abstraction
argouml,org.argouml.uml.ui.behavior.state_machines,ActionNewCallEvent,Broken Hierarchy
argouml,org.argouml.uml.ui.behavior.state_machines,ActionNewChangeEvent,Broken Hierarchy
argouml,org.argouml.uml.ui.behavior.state_machines,ActionNewEvent,Deficient Encapsulation
argouml,org.argouml.uml.ui.behavior.state_machines,Roles,Unnecessary Abstraction
argouml,org.argouml.uml.ui.behavior.state_machines,Roles,Deficient Encapsulation
argouml,org.argouml.uml.ui.behavior.state_machines,ActionNewSignalEvent,Broken Hierarchy
argouml,org.argouml.uml.ui.behavior.state_machines,ActionNewTimeEvent,Broken Hierarchy
argouml,org.argouml.uml.ui.behavior.state_machines,ActionNewTransition,Deficient Encapsulation
argouml,org.argouml.uml.ui.behavior.state_machines,PopupMenuNewEvent,Unutilized Abstraction
argouml,org.argouml.uml.ui.behavior.state_machines,PropPanelCallEvent,Unutilized Abstraction
argouml,org.argouml.uml.ui.behavior.state_machines,PropPanelCallEvent,Broken Hierarchy
argouml,org.argouml.uml.ui.behavior.state_machines,PropPanelChangeEvent,Unutilized Abstraction
argouml,org.argouml.uml.ui.behavior.state_machines,PropPanelChangeEvent,Broken Hierarchy
argouml,org.argouml.uml.ui.behavior.state_machines,PropPanelCompositeState,Unutilized Abstraction
argouml,org.argouml.uml.ui.behavior.state_machines,PropPanelCompositeState,Broken Hierarchy
argouml,org.argouml.uml.ui.behavior.state_machines,PropPanelEvent,Unutilized Abstraction
argouml,org.argouml.uml.ui.behavior.state_machines,PropPanelFinalState,Unutilized Abstraction
argouml,org.argouml.uml.ui.behavior.state_machines,PropPanelFinalState,Broken Hierarchy
argouml,org.argouml.uml.ui.behavior.state_machines,PropPanelGuard,Unutilized Abstraction
argouml,org.argouml.uml.ui.behavior.state_machines,PropPanelPseudostate,Unutilized Abstraction
argouml,org.argouml.uml.ui.behavior.state_machines,PropPanelPseudostate,Broken Hierarchy
argouml,org.argouml.uml.ui.behavior.state_machines,PropPanelSignalEvent,Unutilized Abstraction
argouml,org.argouml.uml.ui.behavior.state_machines,PropPanelSignalEvent,Broken Hierarchy
argouml,org.argouml.uml.ui.behavior.state_machines,PropPanelSimpleState,Unutilized Abstraction
argouml,org.argouml.uml.ui.behavior.state_machines,PropPanelSimpleState,Broken Hierarchy
argouml,org.argouml.uml.ui.behavior.state_machines,PropPanelState,Unutilized Abstraction
argouml,org.argouml.uml.ui.behavior.state_machines,PropPanelState,Broken Hierarchy
argouml,org.argouml.uml.ui.behavior.state_machines,PropPanelStateMachine,Unutilized Abstraction
argouml,org.argouml.uml.ui.behavior.state_machines,PropPanelStateVertex,Unutilized Abstraction
argouml,org.argouml.uml.ui.behavior.state_machines,PropPanelStubState,Unutilized Abstraction
argouml,org.argouml.uml.ui.behavior.state_machines,PropPanelStubState,Broken Hierarchy
argouml,org.argouml.uml.ui.behavior.state_machines,PropPanelSubmachineState,Unutilized Abstraction
argouml,org.argouml.uml.ui.behavior.state_machines,PropPanelSubmachineState,Broken Hierarchy
argouml,org.argouml.uml.ui.behavior.state_machines,PropPanelTimeEvent,Unutilized Abstraction
argouml,org.argouml.uml.ui.behavior.state_machines,PropPanelTimeEvent,Broken Hierarchy
argouml,org.argouml.uml.ui.behavior.state_machines,PropPanelTransition,Unutilized Abstraction
argouml,org.argouml.uml.ui.behavior.state_machines,UMLCallEventOperationListModel,Unutilized Abstraction
argouml,org.argouml.uml.ui.behavior.state_machines,UMLCompositeStateConcurentCheckBox,Unutilized Abstraction
argouml,org.argouml.uml.ui.behavior.state_machines,UMLCompositeStateSubvertexList,Unutilized Abstraction
argouml,org.argouml.uml.ui.behavior.state_machines,PopupMenu,Unutilized Abstraction
argouml,org.argouml.uml.ui.behavior.state_machines,UMLCompositeStateSubvertexListModel,Unutilized Abstraction
argouml,org.argouml.uml.ui.behavior.state_machines,UMLGuardTransitionListModel,Unutilized Abstraction
argouml,org.argouml.uml.ui.behavior.state_machines,UMLStateDeferrableEventListModel,Unutilized Abstraction
argouml,org.argouml.uml.ui.behavior.state_machines,UMLStateDoActivityList,Unutilized Abstraction
argouml,org.argouml.uml.ui.behavior.state_machines,UMLStateDoActivityListModel,Unutilized Abstraction
argouml,org.argouml.uml.ui.behavior.state_machines,UMLStateEntryList,Unutilized Abstraction
argouml,org.argouml.uml.ui.behavior.state_machines,UMLStateEntryListModel,Unutilized Abstraction
argouml,org.argouml.uml.ui.behavior.state_machines,UMLStateExitList,Unutilized Abstraction
argouml,org.argouml.uml.ui.behavior.state_machines,UMLStateExitListModel,Unutilized Abstraction
argouml,org.argouml.uml.ui.behavior.state_machines,UMLStateInternalTransition,Unutilized Abstraction
argouml,org.argouml.uml.ui.behavior.state_machines,UMLStateMachineContextListModel,Unutilized Abstraction
argouml,org.argouml.uml.ui.behavior.state_machines,UMLStateMachineSubmachineStateListModel,Unutilized Abstraction
argouml,org.argouml.uml.ui.behavior.state_machines,UMLStateMachineTopListModel,Unutilized Abstraction
argouml,org.argouml.uml.ui.behavior.state_machines,UMLStateMachineTransitionListModel,Unutilized Abstraction
argouml,org.argouml.uml.ui.behavior.state_machines,UMLStateVertexContainerListModel,Unutilized Abstraction
argouml,org.argouml.uml.ui.behavior.state_machines,UMLStateVertexIncomingListModel,Unutilized Abstraction
argouml,org.argouml.uml.ui.behavior.state_machines,UMLStateVertexOutgoingListModel,Unutilized Abstraction
argouml,org.argouml.uml.ui.behavior.state_machines,UMLSubmachineStateComboBoxModel,Unutilized Abstraction
argouml,org.argouml.uml.ui.behavior.state_machines,UMLTransitionEffectList,Unutilized Abstraction
argouml,org.argouml.uml.ui.behavior.state_machines,UMLTransitionEffectListModel,Unutilized Abstraction
argouml,org.argouml.uml.ui.behavior.state_machines,UMLTransitionGuardListModel,Unutilized Abstraction
argouml,org.argouml.uml.ui.behavior.state_machines,UMLTransitionSourceListModel,Unutilized Abstraction
argouml,org.argouml.uml.ui.behavior.state_machines,UMLTransitionStateListModel,Unutilized Abstraction
argouml,org.argouml.uml.ui.behavior.state_machines,UMLTransitionStatemachineListModel,Unutilized Abstraction
argouml,org.argouml.uml.ui.behavior.state_machines,UMLTransitionTargetListModel,Unutilized Abstraction
argouml,org.argouml.uml.ui.behavior.state_machines,UMLTransitionTriggerList,Unutilized Abstraction
argouml,org.argouml.uml.ui.behavior.state_machines,UMLTransitionTriggerListModel,Unutilized Abstraction
argouml,org.argouml.uml.ui.behavior.use_cases,ActionNewExtendExtensionPoint,Deficient Encapsulation
argouml,org.argouml.uml.ui.behavior.use_cases,ActionNewUseCaseExtensionPoint,Deficient Encapsulation
argouml,org.argouml.uml.ui.behavior.use_cases,PropPanelActor,Unutilized Abstraction
argouml,org.argouml.uml.ui.behavior.use_cases,PropPanelExtend,Unutilized Abstraction
argouml,org.argouml.uml.ui.behavior.use_cases,PropPanelExtensionPoint,Unutilized Abstraction
argouml,org.argouml.uml.ui.behavior.use_cases,PropPanelInclude,Unutilized Abstraction
argouml,org.argouml.uml.ui.behavior.use_cases,PropPanelUseCase,Unutilized Abstraction
argouml,org.argouml.uml.ui.behavior.use_cases,UMLExtendExtensionPointListModel,Unutilized Abstraction
argouml,org.argouml.uml.ui.behavior.use_cases,UMLExtensionPointExtendListModel,Unutilized Abstraction
argouml,org.argouml.uml.ui.behavior.use_cases,UMLUseCaseExtendListModel,Unutilized Abstraction
argouml,org.argouml.uml.ui.behavior.use_cases,UMLUseCaseExtensionPointListModel,Unutilized Abstraction
argouml,org.argouml.uml.ui.behavior.use_cases,UMLUseCaseIncludeListModel,Unutilized Abstraction
argouml,org.argouml.uml.ui.foundation.core,ActionSetAssociationEndAggregation,Deficient Encapsulation
argouml,org.argouml.uml.ui.foundation.core,ActionSetChangeability,Deficient Encapsulation
argouml,org.argouml.uml.ui.foundation.core,ActionSetElementOwnershipVisibility,Deficient Encapsulation
argouml,org.argouml.uml.ui.foundation.core,ActionSetModelElementVisibility,Deficient Encapsulation
argouml,org.argouml.uml.ui.foundation.core,ActionSetOperationConcurrencyKind,Deficient Encapsulation
argouml,org.argouml.uml.ui.foundation.core,ActionSetParameterDirectionKind,Deficient Encapsulation
argouml,org.argouml.uml.ui.foundation.core,PropPanelAbstraction,Unutilized Abstraction
argouml,org.argouml.uml.ui.foundation.core,PropPanelAbstraction,Broken Hierarchy
argouml,org.argouml.uml.ui.foundation.core,PropPanelAssociation,Unutilized Abstraction
argouml,org.argouml.uml.ui.foundation.core,PropPanelAssociation,Broken Hierarchy
argouml,org.argouml.uml.ui.foundation.core,PropPanelAssociationEnd,Unutilized Abstraction
argouml,org.argouml.uml.ui.foundation.core,PropPanelAssociationEnd,Broken Hierarchy
argouml,org.argouml.uml.ui.foundation.core,PropPanelAttribute,Unutilized Abstraction
argouml,org.argouml.uml.ui.foundation.core,PropPanelAttribute,Broken Hierarchy
argouml,org.argouml.uml.ui.foundation.core,PropPanelClass,Unutilized Abstraction
argouml,org.argouml.uml.ui.foundation.core,PropPanelClass,Broken Hierarchy
argouml,org.argouml.uml.ui.foundation.core,PropPanelClassifier,Multifaceted Abstraction
argouml,org.argouml.uml.ui.foundation.core,PropPanelClassifier,Unutilized Abstraction
argouml,org.argouml.uml.ui.foundation.core,PropPanelClassifier,Broken Hierarchy
argouml,org.argouml.uml.ui.foundation.core,PropPanelClassifier,Insufficient Modularization
argouml,org.argouml.uml.ui.foundation.core,PropPanelComment,Unutilized Abstraction
argouml,org.argouml.uml.ui.foundation.core,PropPanelComment,Broken Hierarchy
argouml,org.argouml.uml.ui.foundation.core,PropPanelComponent,Unutilized Abstraction
argouml,org.argouml.uml.ui.foundation.core,PropPanelComponent,Broken Hierarchy
argouml,org.argouml.uml.ui.foundation.core,PropPanelDataType,Unutilized Abstraction
argouml,org.argouml.uml.ui.foundation.core,PropPanelDependency,Unutilized Abstraction
argouml,org.argouml.uml.ui.foundation.core,PropPanelDependency,Broken Hierarchy
argouml,org.argouml.uml.ui.foundation.core,PropPanelFeature,Unutilized Abstraction
argouml,org.argouml.uml.ui.foundation.core,PropPanelFeature,Broken Hierarchy
argouml,org.argouml.uml.ui.foundation.core,PropPanelFlow,Unutilized Abstraction
argouml,org.argouml.uml.ui.foundation.core,PropPanelFlow,Broken Hierarchy
argouml,org.argouml.uml.ui.foundation.core,PropPanelGeneralization,Unutilized Abstraction
argouml,org.argouml.uml.ui.foundation.core,PropPanelInterface,Unutilized Abstraction
argouml,org.argouml.uml.ui.foundation.core,PropPanelInterface,Broken Hierarchy
argouml,org.argouml.uml.ui.foundation.core,PropPanelNamespace,Unutilized Abstraction
argouml,org.argouml.uml.ui.foundation.core,PropPanelNamespace,Broken Hierarchy
argouml,org.argouml.uml.ui.foundation.core,PropPanelNode,Unutilized Abstraction
argouml,org.argouml.uml.ui.foundation.core,PropPanelNode,Broken Hierarchy
argouml,org.argouml.uml.ui.foundation.core,PropPanelOperation,Unutilized Abstraction
argouml,org.argouml.uml.ui.foundation.core,PropPanelOperation,Broken Hierarchy
argouml,org.argouml.uml.ui.foundation.core,PropPanelParameter,Unutilized Abstraction
argouml,org.argouml.uml.ui.foundation.core,PropPanelPermission,Unutilized Abstraction
argouml,org.argouml.uml.ui.foundation.core,PropPanelPermission,Broken Hierarchy
argouml,org.argouml.uml.ui.foundation.core,PropPanelRelationship,Unutilized Abstraction
argouml,org.argouml.uml.ui.foundation.core,PropPanelRelationship,Broken Hierarchy
argouml,org.argouml.uml.ui.foundation.core,PropPanelStructuralFeature,Unutilized Abstraction
argouml,org.argouml.uml.ui.foundation.core,PropPanelStructuralFeature,Broken Hierarchy
argouml,org.argouml.uml.ui.foundation.core,PropPanelUsage,Unutilized Abstraction
argouml,org.argouml.uml.ui.foundation.core,PropPanelUsage,Broken Hierarchy
argouml,org.argouml.uml.ui.foundation.core,UMLAssociationAssociationRoleListModel,Unutilized Abstraction
argouml,org.argouml.uml.ui.foundation.core,UMLAssociationConnectionListModel,Unutilized Abstraction
argouml,org.argouml.uml.ui.foundation.core,UMLAssociationEndAggregationRadioButtonPanel,Unutilized Abstraction
argouml,org.argouml.uml.ui.foundation.core,UMLAssociationEndAssociationListModel,Unutilized Abstraction
argouml,org.argouml.uml.ui.foundation.core,UMLAssociationEndChangeabilityRadioButtonPanel,Unutilized Abstraction
argouml,org.argouml.uml.ui.foundation.core,UMLAssociationEndMultiplicityComboBoxModel,Unutilized Abstraction
argouml,org.argouml.uml.ui.foundation.core,UMLAssociationEndNavigableCheckBox,Unutilized Abstraction
argouml,org.argouml.uml.ui.foundation.core,UMLAssociationEndOrderingCheckBox,Unutilized Abstraction
argouml,org.argouml.uml.ui.foundation.core,UMLAssociationEndSpecificationListModel,Unutilized Abstraction
argouml,org.argouml.uml.ui.foundation.core,UMLAssociationEndTargetScopeCheckbox,Unutilized Abstraction
argouml,org.argouml.uml.ui.foundation.core,UMLAssociationEndTypeComboBoxModel,Unutilized Abstraction
argouml,org.argouml.uml.ui.foundation.core,UMLAssociationEndTypeComboBoxModel,Broken Hierarchy
argouml,org.argouml.uml.ui.foundation.core,UMLAssociationLinkListModel,Unutilized Abstraction
argouml,org.argouml.uml.ui.foundation.core,UMLAttributeInitialValueListModel,Unutilized Abstraction
argouml,org.argouml.uml.ui.foundation.core,UMLBehavioralFeatureQueryCheckBox,Unutilized Abstraction
argouml,org.argouml.uml.ui.foundation.core,UMLClassActiveCheckBox,Unutilized Abstraction
argouml,org.argouml.uml.ui.foundation.core,UMLContainerResidentListModel,Unutilized Abstraction
argouml,org.argouml.uml.ui.foundation.core,UMLDependencyClientListModel,Unutilized Abstraction
argouml,org.argouml.uml.ui.foundation.core,UMLDependencySupplierListModel,Unutilized Abstraction
argouml,org.argouml.uml.ui.foundation.core,UMLDiagramNameDocument,Unutilized Abstraction
argouml,org.argouml.uml.ui.foundation.core,UMLElementOwnershipVisibilityButtonGroup,Unutilized Abstraction
argouml,org.argouml.uml.ui.foundation.core,UMLGeneralizableElementAbstractCheckBox,Unutilized Abstraction
argouml,org.argouml.uml.ui.foundation.core,UMLGeneralizableElementLeafCheckBox,Unutilized Abstraction
argouml,org.argouml.uml.ui.foundation.core,UMLGeneralizableElementRootCheckBox,Unutilized Abstraction
argouml,org.argouml.uml.ui.foundation.core,UMLModelElementVisibilityRadioButtonPanel,Unutilized Abstraction
argouml,org.argouml.uml.ui.foundation.core,UMLOperationConcurrencyRadioButtonPanel,Unutilized Abstraction
argouml,org.argouml.uml.ui.foundation.core,UMLParameterDirectionKindRadioButtonPanel,Unutilized Abstraction
argouml,org.argouml.uml.ui.foundation.core,UMLParameterTypeComboBoxModel,Unutilized Abstraction
argouml,org.argouml.uml.ui.foundation.core,UMLParameterTypeComboBoxModel,Broken Hierarchy
argouml,org.argouml.uml.ui.foundation.core,UMLStructuralFeatureChangeabilityRadioButtonPanel,Unutilized Abstraction
argouml,org.argouml.uml.ui.foundation.core,UMLStructuralFeatureTargetScopeCheckBox,Unutilized Abstraction
argouml,org.argouml.uml.ui.foundation.extension_mechanisms,ActionSetMetaClass,Deficient Encapsulation
argouml,org.argouml.uml.ui.foundation.extension_mechanisms,PropPanelStereotype,Unutilized Abstraction
argouml,org.argouml.uml.ui.foundation.extension_mechanisms,UMLMetaClassComboBoxModel,Unutilized Abstraction
argouml,org.argouml.uml.ui.model_management,PropPanelModel,Unutilized Abstraction
argouml,org.argouml.uml.ui.model_management,PropPanelModel,Broken Hierarchy
argouml,org.argouml.uml.ui.model_management,PropPanelPackage,Unutilized Abstraction
argouml,org.argouml.uml.ui.model_management,PropPanelSubsystem,Unutilized Abstraction
argouml,org.argouml.uml.ui.model_management,PropPanelSubsystem,Broken Hierarchy
argouml,org.argouml.uml.util.namespace,Namespace,Deficient Encapsulation
argouml,org.argouml.uml.util.namespace,StringNamespace,Insufficient Modularization
argouml,org.argouml.util.osdep.win32,Win32FileSystemView,Unutilized Abstraction
argouml,org.argouml.util.osdep.win32,FileSystemRoot,Unutilized Abstraction
argouml,org.argouml.xml.pgml,NameVal,Unnecessary Abstraction
argouml,org.argouml.xml,XMLTokenTableBase,Unutilized Abstraction
argouml,org.argouml.xml.todo,ResolvedCriticXMLHelper,Unutilized Abstraction
argouml,org.argouml.xml.todo,ToDoItemXMLHelper,Unutilized Abstraction
argouml,org.argouml.xml.todo,TodoParser,Cyclic-Dependent Modularization
argouml,org.argouml.xml.todo,TodoTokenTable,Deficient Encapsulation
