Project Name,Package Name,Type Name,Method Name,Code Smell
ant,(default package),AssertionTest,testAssertRaised,Empty catch clause
ant,(default package),AssertionTest,testAssertNotRaised,Magic Number
ant,(default package),AssertionTest,testAssertNotRaised,Magic Number
ant,(default package),AssertionTest,testAssertNotRaised,Magic Number
ant,(default package),Find,execute,Complex Method
ant,(default package),Find,execute,Complex Method
ant,org.apache.tools.ant,AntClassLoader,findNextResource,Empty catch clause
ant,org.apache.tools.ant,AntClassLoader,addPathFile,Complex Method
ant,org.apache.tools.ant,AntClassLoader,addPathFile,Long Statement
ant,org.apache.tools.ant,AntClassLoader,addPathFile,Long Statement
ant,org.apache.tools.ant,AntClassLoader,initializeClass,Empty catch clause
ant,org.apache.tools.ant,AntClassLoader,getResourceAsStream,Complex Method
ant,org.apache.tools.ant,AntClassLoader,loadResource,Long Statement
ant,org.apache.tools.ant,AntClassLoader,getResourceStream,Long Statement
ant,org.apache.tools.ant,AntClassLoader,isParentFirst,Long Statement
ant,org.apache.tools.ant,AntClassLoader,getResource,Complex Method
ant,org.apache.tools.ant,AntClassLoader,findResources,Complex Conditional
ant,org.apache.tools.ant,AntClassLoader,append,Long Statement
ant,org.apache.tools.ant,AntClassLoader,definePackage,Complex Method
ant,org.apache.tools.ant,AntClassLoader,definePackage,Empty catch clause
ant,org.apache.tools.ant,AntClassLoader,definePackage,Long Statement
ant,org.apache.tools.ant,AntClassLoader,isZip,Long Statement
ant,org.apache.tools.ant,AntClassLoader,isZip,Magic Number
ant,org.apache.tools.ant,AntClassLoader,newJarFile,Complex Conditional
ant,org.apache.tools.ant,AntClassLoader,newJarFile,Long Identifier
ant,org.apache.tools.ant,AntClassLoader,newJarFile,Long Statement
ant,org.apache.tools.ant,ResourceEnumeration,findNextResource,Empty catch clause
ant,org.apache.tools.ant,AntTypeDefinition,icreate,Complex Conditional
ant,org.apache.tools.ant,AntTypeDefinition,checkClass,Complex Conditional
ant,org.apache.tools.ant,AntTypeDefinition,sameDefinition,Long Statement
ant,org.apache.tools.ant,AntTypeDefinition,similarDefinition,Complex Conditional
ant,org.apache.tools.ant,AntTypeDefinition,similarDefinition,Long Statement
ant,org.apache.tools.ant,AntTypeDefinition,similarDefinition,Long Statement
ant,org.apache.tools.ant,ArgumentProcessorRegistry,collectArgumentProcessors,Long Statement
ant,org.apache.tools.ant,ArgumentProcessorRegistry,getProcessor,Long Statement
ant,org.apache.tools.ant,ArgumentProcessorRegistry,getProcessor,Long Statement
ant,org.apache.tools.ant,ComponentHelper,initSubProject,Long Statement
ant,org.apache.tools.ant,ComponentHelper,getTaskDefinitions,Long Statement
ant,org.apache.tools.ant,ComponentHelper,getDataTypeDefinitions,Long Statement
ant,org.apache.tools.ant,ComponentHelper,createNewTask,Long Statement
ant,org.apache.tools.ant,ComponentHelper,updateDataTypeDefinition,Long Statement
ant,org.apache.tools.ant,ComponentHelper,diagnoseCreationFailure,Complex Method
ant,org.apache.tools.ant,ComponentHelper,diagnoseCreationFailure,Long Method
ant,org.apache.tools.ant,Diagnostics,doReportTempDir,Complex Method
ant,org.apache.tools.ant,Diagnostics,doReportTempDir,Magic Number
ant,org.apache.tools.ant,Diagnostics,doReportLocale,Long Statement
ant,org.apache.tools.ant,DirectoryScanner,addExcludes,Long Statement
ant,org.apache.tools.ant,DirectoryScanner,scan,Complex Conditional
ant,org.apache.tools.ant,DirectoryScanner,scan,Complex Method
ant,org.apache.tools.ant,DirectoryScanner,scan,Empty catch clause
ant,org.apache.tools.ant,DirectoryScanner,checkIncludePatterns,Complex Conditional
ant,org.apache.tools.ant,DirectoryScanner,checkIncludePatterns,Complex Method
ant,org.apache.tools.ant,DirectoryScanner,checkIncludePatterns,Long Statement
ant,org.apache.tools.ant,DirectoryScanner,checkIncludePatterns,Long Statement
ant,org.apache.tools.ant,DirectoryScanner,slowScan,Empty catch clause
ant,org.apache.tools.ant,DirectoryScanner,scandir,Complex Conditional
ant,org.apache.tools.ant,DirectoryScanner,scandir,Complex Conditional
ant,org.apache.tools.ant,DirectoryScanner,scandir,Complex Method
ant,org.apache.tools.ant,DirectoryScanner,scandir,Long Parameter List
ant,org.apache.tools.ant,DirectoryScanner,accountForIncludedDir,Complex Conditional
ant,org.apache.tools.ant,DirectoryScanner,accountForIncludedDir,Complex Conditional
ant,org.apache.tools.ant,DirectoryScanner,accountForIncludedDir,Long Parameter List
ant,org.apache.tools.ant,DirectoryScanner,accountForNotFollowedSymlink,Complex Conditional
ant,org.apache.tools.ant,DirectoryScanner,accountForNotFollowedSymlink,Long Statement
ant,org.apache.tools.ant,DirectoryScanner,processIncluded,Complex Conditional
ant,org.apache.tools.ant,DirectoryScanner,processIncluded,Long Parameter List
ant,org.apache.tools.ant,DirectoryScanner,isIncluded,Long Statement
ant,org.apache.tools.ant,DirectoryScanner,couldHoldIncluded,Long Statement
ant,org.apache.tools.ant,DirectoryScanner,couldHoldIncluded,Long Statement
ant,org.apache.tools.ant,DirectoryScanner,contentsExcluded,Long Statement
ant,org.apache.tools.ant,DirectoryScanner,isExcluded,Long Statement
ant,org.apache.tools.ant,DirectoryScanner,addDefaultExcludes,Long Statement
ant,org.apache.tools.ant,DirectoryScanner,causesIllegalSymlinkLoop,Complex Conditional
ant,org.apache.tools.ant,DirectoryScanner,causesIllegalSymlinkLoop,Long Statement
ant,org.apache.tools.ant,IntrospectionHelper,IntrospectionHelper,Complex Conditional
ant,org.apache.tools.ant,IntrospectionHelper,IntrospectionHelper,Complex Conditional
ant,org.apache.tools.ant,IntrospectionHelper,IntrospectionHelper,Complex Conditional
ant,org.apache.tools.ant,IntrospectionHelper,IntrospectionHelper,Complex Conditional
ant,org.apache.tools.ant,IntrospectionHelper,IntrospectionHelper,Complex Conditional
ant,org.apache.tools.ant,IntrospectionHelper,IntrospectionHelper,Complex Conditional
ant,org.apache.tools.ant,IntrospectionHelper,IntrospectionHelper,Complex Conditional
ant,org.apache.tools.ant,IntrospectionHelper,IntrospectionHelper,Complex Conditional
ant,org.apache.tools.ant,IntrospectionHelper,IntrospectionHelper,Complex Method
ant,org.apache.tools.ant,IntrospectionHelper,IntrospectionHelper,Empty catch clause
ant,org.apache.tools.ant,IntrospectionHelper,IntrospectionHelper,Empty catch clause
ant,org.apache.tools.ant,IntrospectionHelper,IntrospectionHelper,Long Statement
ant,org.apache.tools.ant,IntrospectionHelper,IntrospectionHelper,Long Statement
ant,org.apache.tools.ant,IntrospectionHelper,isHiddenSetMethod,Long Statement
ant,org.apache.tools.ant,IntrospectionHelper,addText,Long Statement
ant,org.apache.tools.ant,IntrospectionHelper,getNestedCreator,Complex Conditional
ant,org.apache.tools.ant,IntrospectionHelper,getNestedCreator,Complex Method
ant,org.apache.tools.ant,IntrospectionHelper,getNestedCreator,Long Parameter List
ant,org.apache.tools.ant,IntrospectionHelper,getElementCreator,Long Parameter List
ant,org.apache.tools.ant,IntrospectionHelper,supportsNestedElement,Long Statement
ant,org.apache.tools.ant,IntrospectionHelper,getElementType,Long Statement
ant,org.apache.tools.ant,IntrospectionHelper,getAttributeType,Long Statement
ant,org.apache.tools.ant,IntrospectionHelper,getElementMethod,Long Statement
ant,org.apache.tools.ant,IntrospectionHelper,getAttributeMethod,Long Statement
ant,org.apache.tools.ant,IntrospectionHelper,createAttributeSetter,Complex Method
ant,org.apache.tools.ant,IntrospectionHelper,createAttributeSetter,Long Method
ant,org.apache.tools.ant,IntrospectionHelper,createAttributeSetter,Long Statement
ant,org.apache.tools.ant,IntrospectionHelper,createAttributeSetter,Long Statement
ant,org.apache.tools.ant,IntrospectionHelper,createAttributeSetter,Long Statement
ant,org.apache.tools.ant,IntrospectionHelper,createAttributeSetter,Long Statement
ant,org.apache.tools.ant,IntrospectionHelper,createAttributeSetter,Long Statement
ant,org.apache.tools.ant,IntrospectionHelper,createAttributeSetter,Long Statement
ant,org.apache.tools.ant,IntrospectionHelper,createAttributeSetter,Long Statement
ant,org.apache.tools.ant,IntrospectionHelper,createAttributeSetter,Long Statement
ant,org.apache.tools.ant,IntrospectionHelper,createAttributeSetter,Long Statement
ant,org.apache.tools.ant,IntrospectionHelper,createAttributeSetter,Long Statement
ant,org.apache.tools.ant,IntrospectionHelper,createAttributeSetter,Long Statement
ant,org.apache.tools.ant,IntrospectionHelper,createAttributeSetter,Long Statement
ant,org.apache.tools.ant,IntrospectionHelper,set,Long Statement
ant,org.apache.tools.ant,IntrospectionHelper,getEnumSetter,Long Statement
ant,org.apache.tools.ant,IntrospectionHelper,getEnumSetter,Long Statement
ant,org.apache.tools.ant,IntrospectionHelper,set,Long Statement
ant,org.apache.tools.ant,IntrospectionHelper,setObject,Long Statement
ant,org.apache.tools.ant,IntrospectionHelper,createAddTypeCreator,Long Statement
ant,org.apache.tools.ant,IntrospectionHelper,createAddTypeCreator,Long Statement
ant,org.apache.tools.ant,IntrospectionHelper,findMatchingMethod,Long Statement
ant,org.apache.tools.ant,IntrospectionHelper,condenseText,Magic Number
ant,org.apache.tools.ant,IntrospectionHelper,findRestrictedDefinition,Long Statement
ant,org.apache.tools.ant,IntrospectionHelper,createRestricted,Long Statement
ant,org.apache.tools.ant,AttributeSetter,setObject,Long Statement
ant,org.apache.tools.ant,Main,startAnt,Long Statement
ant,org.apache.tools.ant,Main,processArgs,Complex Conditional
ant,org.apache.tools.ant,Main,processArgs,Complex Conditional
ant,org.apache.tools.ant,Main,processArgs,Complex Method
ant,org.apache.tools.ant,Main,processArgs,Long Method
ant,org.apache.tools.ant,Main,processArgs,Long Statement
ant,org.apache.tools.ant,Main,processArgs,Long Statement
ant,org.apache.tools.ant,Main,handleArgDefine,Magic Number
ant,org.apache.tools.ant,Main,loadPropertyFiles,Long Statement
ant,org.apache.tools.ant,Main,runBuild,Complex Method
ant,org.apache.tools.ant,Main,runBuild,Long Method
ant,org.apache.tools.ant,Main,printTargets,Complex Method
ant,org.apache.tools.ant,Main,printTargets,Long Parameter List
ant,org.apache.tools.ant,Main,printTargets,Long Statement
ant,org.apache.tools.ant,Main,printTargets,Magic Number
ant,org.apache.tools.ant,NoBannerLogger,messageLogged,Complex Conditional
ant,org.apache.tools.ant,PathTokenizer,nextToken,Complex Conditional
ant,org.apache.tools.ant,PathTokenizer,nextToken,Complex Conditional
ant,org.apache.tools.ant,PathTokenizer,nextToken,Complex Method
ant,org.apache.tools.ant,Project,executeSortedTargets,Complex Method
ant,org.apache.tools.ant,Project,executeSortedTargets,Long Statement
ant,org.apache.tools.ant,Project,copyFile,Long Parameter List
ant,org.apache.tools.ant,Project,copyFile,Long Parameter List
ant,org.apache.tools.ant,Project,getProject,Empty catch clause
ant,org.apache.tools.ant,Project,topoSort,Long Statement
ant,org.apache.tools.ant,Project,tsort,Long Parameter List
ant,org.apache.tools.ant,Project,getReference,Empty catch clause
ant,org.apache.tools.ant,Project,setProjectReference,Empty catch clause
ant,org.apache.tools.ant,ProjectHelper,parse,Long Statement
ant,org.apache.tools.ant,ProjectHelper,addText,Long Parameter List
ant,org.apache.tools.ant,ProjectHelper,genComponentName,Complex Conditional
ant,org.apache.tools.ant,ProjectHelper,addLocationToBuildException,Long Statement
ant,org.apache.tools.ant,ProjectHelper,resolveExtensionOfAttributes,Complex Method
ant,org.apache.tools.ant,ProjectHelper,resolveExtensionOfAttributes,Long Statement
ant,org.apache.tools.ant,ProjectHelper,resolveExtensionOfAttributes,Magic Number
ant,org.apache.tools.ant,ProjectHelper,resolveExtensionOfAttributes,Magic Number
ant,org.apache.tools.ant,ProjectHelper,resolveExtensionOfAttributes,Magic Number
ant,org.apache.tools.ant,ProjectHelperRepository,collectProjectHelpers,Long Statement
ant,org.apache.tools.ant,ProjectHelperRepository,getProjectHelperBySystemProperty,Long Statement
ant,org.apache.tools.ant,ProjectHelperRepository,getHelperConstructor,Empty catch clause
ant,org.apache.tools.ant,ProjectHelperRepository,getProjectHelperForBuildFile,Long Statement
ant,org.apache.tools.ant,ProjectHelperRepository,getProjectHelperForAntlib,Long Statement
ant,org.apache.tools.ant,PropertyHelper,evaluate,Long Statement
ant,org.apache.tools.ant,PropertyHelper,setPropertyHook,Long Parameter List
ant,org.apache.tools.ant,PropertyHelper,setProperty,Complex Method
ant,org.apache.tools.ant,PropertyHelper,parsePropertyStringDefault,Complex Method
ant,org.apache.tools.ant,PropertyHelper,parsePropertyStringDefault,Magic Number
ant,org.apache.tools.ant,PropertyHelper,parsePropertyStringDefault,Magic Number
ant,org.apache.tools.ant,PropertyHelper,parsePropertyStringDefault,Magic Number
ant,org.apache.tools.ant,PropertyHelper,parsePropertyStringDefault,Magic Number
ant,org.apache.tools.ant,PropertyHelper,toBoolean,Complex Conditional
ant,org.apache.tools.ant,RuntimeConfigurable,isEnabled,Long Statement
ant,org.apache.tools.ant,RuntimeConfigurable,maybeConfigure,Complex Method
ant,org.apache.tools.ant,RuntimeConfigurable,applyPreSet,Complex Method
ant,org.apache.tools.ant,Target,parseDepends,Long Statement
ant,org.apache.tools.ant,Target,parseDepends,Long Statement
ant,org.apache.tools.ant,Target,addDependency,Magic Number
ant,org.apache.tools.ant,TaskAdapter,checkTaskClass,Long Statement
ant,org.apache.tools.ant,TaskAdapter,execute,Empty catch clause
ant,org.apache.tools.ant,TaskAdapter,execute,Empty catch clause
ant,org.apache.tools.ant,UnknownElement,handleChildren,Complex Method
ant,org.apache.tools.ant,UnknownElement,handleChildren,Long Statement
ant,org.apache.tools.ant,UnknownElement,makeObject,Complex Method
ant,org.apache.tools.ant,UnknownElement,handleChild,Long Parameter List
ant,org.apache.tools.ant,UnknownElement,similar,Complex Method
ant,org.apache.tools.ant,XmlLogger,buildFinished,Long Statement
ant,org.apache.tools.ant,XmlLogger,getProperty,Complex Conditional
ant,org.apache.tools.ant,XmlLogger,messageLogged,Complex Method
ant,org.apache.tools.ant,XmlLogger,messageLogged,Missing default
ant,org.apache.tools.ant,AntAssert,assertContains,Long Statement
ant,org.apache.tools.ant,AntAssert,assertNotContains,Long Statement
ant,org.apache.tools.ant,AntClassLoaderDelegationTest,testFindResources,Long Statement
ant,org.apache.tools.ant,AntClassLoaderDelegationTest,testFindResources,Long Statement
ant,org.apache.tools.ant,AntClassLoaderDelegationTest,testFindIsolateResources,Long Statement
ant,org.apache.tools.ant,AntClassLoaderPerformance,testFindClass,Magic Number
ant,org.apache.tools.ant,AntClassLoaderPerformance,testFindClass,Magic Number
ant,org.apache.tools.ant,AntClassLoaderTest,testCodeSource,Long Statement
ant,org.apache.tools.ant,AntClassLoaderTest,testMultiReleaseJar,Long Statement
ant,org.apache.tools.ant,BuildFileRule,messageLogged,Complex Conditional
ant,org.apache.tools.ant,BuildFileRule,messageLogged,Long Statement
ant,org.apache.tools.ant,AntTestListener,messageLogged,Complex Conditional
ant,org.apache.tools.ant,AntTestListener,messageLogged,Long Statement
ant,org.apache.tools.ant,BuildFileTest,assertOutputContaining,Long Statement
ant,org.apache.tools.ant,BuildFileTest,assertOutputNotContaining,Long Statement
ant,org.apache.tools.ant,BuildFileTest,assertDebuglogContaining,Long Statement
ant,org.apache.tools.ant,BuildFileTest,expectSpecificBuildException,Long Statement
ant,org.apache.tools.ant,BuildFileTest,expectBuildExceptionContaining,Long Statement
ant,org.apache.tools.ant,BuildFileTest,messageLogged,Complex Conditional
ant,org.apache.tools.ant,BuildFileTest,messageLogged,Long Statement
ant,org.apache.tools.ant,AntTestListener,messageLogged,Complex Conditional
ant,org.apache.tools.ant,AntTestListener,messageLogged,Long Statement
ant,org.apache.tools.ant,DefaultLoggerTest,testThrowableMessage,Long Statement
ant,org.apache.tools.ant,DefaultLoggerTest,testThrowableMessage,Long Statement
ant,org.apache.tools.ant,DefaultLoggerTest,testThrowableMessage,Long Statement
ant,org.apache.tools.ant,DefaultLoggerTest,testThrowableMessage,Magic Number
ant,org.apache.tools.ant,DefaultLoggerTest,testThrowableMessage,Magic Number
ant,org.apache.tools.ant,DefaultLoggerTest,testThrowableMessage,Magic Number
ant,org.apache.tools.ant,DirectoryScannerTest,test2,Long Statement
ant,org.apache.tools.ant,DirectoryScannerTest,test3,Long Statement
ant,org.apache.tools.ant,DirectoryScannerTest,test2ButCaseInsensitive,Long Statement
ant,org.apache.tools.ant,DirectoryScannerTest,testPatternsDifferInCaseScanningSensitive,Long Statement
ant,org.apache.tools.ant,DirectoryScannerTest,testPatternsDifferInCaseScanningInsensitive,Long Statement
ant,org.apache.tools.ant,DirectoryScannerTest,testParentDiffersInCaseScanningSensitive,Long Statement
ant,org.apache.tools.ant,DirectoryScannerTest,testParentDiffersInCaseScanningInsensitive,Long Statement
ant,org.apache.tools.ant,DirectoryScannerTest,testSetFollowSymlinks,Complex Method
ant,org.apache.tools.ant,DirectoryScannerTest,testChildrenOfExcludedDirectory,Long Statement
ant,org.apache.tools.ant,DirectoryScannerTest,testIsExcludedDirectoryScanned,Long Statement
ant,org.apache.tools.ant,DirectoryScannerTest,testAbsolute1,Long Statement
ant,org.apache.tools.ant,DirectoryScannerTest,testAbsolute3,Long Statement
ant,org.apache.tools.ant,DirectoryScannerTest,testAbsolute4,Long Statement
ant,org.apache.tools.ant,DirectoryScannerTest,compareFiles,Long Statement
ant,org.apache.tools.ant,DirectoryScannerTest,compareFiles,Long Statement
ant,org.apache.tools.ant,DirectoryScannerTest,testRecursiveExcludes,Magic Number
ant,org.apache.tools.ant,DirectoryScannerTest,testRecursiveExcludes,Magic Number
ant,org.apache.tools.ant,DummyMailServer,call,Complex Method
ant,org.apache.tools.ant,DummyMailServer,disconnect,Empty catch clause
ant,org.apache.tools.ant,DummyMailServer,disconnect,Empty catch clause
ant,org.apache.tools.ant,DummyMailServer,disconnect,Empty catch clause
ant,org.apache.tools.ant,DummyMailServer,disconnect,Empty catch clause
ant,org.apache.tools.ant,ExecutorTest,testDefaultExecutor,Magic Number
ant,org.apache.tools.ant,ExecutorTest,testSingleCheckExecutor,Magic Number
ant,org.apache.tools.ant,ExecutorTest,testIgnoreDependenciesExecutor,Magic Number
ant,org.apache.tools.ant,ExecutorTest,testKeepGoingDefault,Magic Number
ant,org.apache.tools.ant,ExecutorTest,testKeepGoingIgnoreDependencies,Magic Number
ant,org.apache.tools.ant,FileUtilities,rollbackTimestamps,Magic Number
ant,org.apache.tools.ant,IncludeTest,testTaskErrorInIncluding,Long Statement
ant,org.apache.tools.ant,IncludeTest,testTaskErrorInIncluding,Magic Number
ant,org.apache.tools.ant,IncludeTest,testTaskErrorInIncluded,Long Statement
ant,org.apache.tools.ant,IncludeTest,testTaskErrorInIncluded,Magic Number
ant,org.apache.tools.ant,IntrospectionHelperTest,testGetAttributeMethod,Magic Number
ant,org.apache.tools.ant,IntrospectionHelperTest,testGetAttributeMethod,Magic Number
ant,org.apache.tools.ant,IntrospectionHelperTest,testGetAttributeMethod,Magic Number
ant,org.apache.tools.ant,IntrospectionHelperTest,testGetAttributeMethod,Magic Number
ant,org.apache.tools.ant,IntrospectionHelperTest,testGetAttributeMethod,Magic Number
ant,org.apache.tools.ant,IntrospectionHelperTest,testGetAttributeMethod,Magic Number
ant,org.apache.tools.ant,IntrospectionHelperTest,testGetAttributeMethod,Magic Number
ant,org.apache.tools.ant,IntrospectionHelperTest,testGetAttributeMethod,Magic Number
ant,org.apache.tools.ant,IntrospectionHelperTest,testGetAttributeMethod,Magic Number
ant,org.apache.tools.ant,IntrospectionHelperTest,testGetAttributeMethod,Magic Number
ant,org.apache.tools.ant,IntrospectionHelperTest,testGetAttributeMethod,Magic Number
ant,org.apache.tools.ant,IntrospectionHelperTest,testGetAttributeMethod,Magic Number
ant,org.apache.tools.ant,IntrospectionHelperTest,assertAttrMethod,Long Parameter List
ant,org.apache.tools.ant,IntrospectionHelperTest,setEight,Magic Number
ant,org.apache.tools.ant,IntrospectionHelperTest,setNine,Magic Number
ant,org.apache.tools.ant,IntrospectionHelperTest,setSeventeen,Magic Number
ant,org.apache.tools.ant,IntrospectionHelperTest,setEightteen,Magic Number
ant,org.apache.tools.ant,IntrospectionHelperTest,setNineteen,Magic Number
ant,org.apache.tools.ant,IntrospectionHelperTest,setNineteen,Magic Number
ant,org.apache.tools.ant,IntrospectionHelperTest,setNineteen,Magic Number
ant,org.apache.tools.ant,IntrospectionHelperTest,testGetExtensionPoints,Magic Number
ant,org.apache.tools.ant,IntrospectionHelperTest,testGetExtensionPoints,Magic Number
ant,org.apache.tools.ant,IntrospectionHelperTest,assertMethod,Long Parameter List
ant,org.apache.tools.ant,ProjectTest,testAddTaskDefinition,Long Statement
ant,org.apache.tools.ant,ProjectTest,testAddTaskDefinition,Long Statement
ant,org.apache.tools.ant,ProjectTest,testAddTaskDefinition,Long Statement
ant,org.apache.tools.ant,ProjectTest,testOutputDuringMessageLoggedIsSwallowed,Magic Number
ant,org.apache.tools.ant,PropertyExpansionTest,targets,Long Statement
ant,org.apache.tools.ant,PropertyFileCLITest,testPropertyResolution,Long Statement
ant,org.apache.tools.ant,TestHelper,getMaybeAvailablePort,Empty catch clause
ant,org.apache.tools.ant.attribute,BaseIfAttribute,getParams,Long Statement
ant,org.apache.tools.ant.dispatch,DispatchUtils,execute,Complex Method
ant,org.apache.tools.ant.filters,ClassConstants,read,Complex Method
ant,org.apache.tools.ant.filters,ConcatFilter,read,Complex Method
ant,org.apache.tools.ant.filters,ConcatFilter,initialize,Complex Method
ant,org.apache.tools.ant.filters,ExpandProperties,read,Long Statement
ant,org.apache.tools.ant.filters,FixCrLfFilter,push,Magic Number
ant,org.apache.tools.ant.filters,FixCrLfFilter,read,Complex Method
ant,org.apache.tools.ant.filters,FixCrLfFilter,read,Missing default
ant,org.apache.tools.ant.filters,FixCrLfFilter,read,Missing default
ant,org.apache.tools.ant.filters,FixCrLfFilter,read,Missing default
ant,org.apache.tools.ant.filters,FixCrLfFilter,read,Missing default
ant,org.apache.tools.ant.filters,FixCrLfFilter,read,Missing default
ant,org.apache.tools.ant.filters,FixCrLfFilter,read,Missing default
ant,org.apache.tools.ant.filters,FixCrLfFilter,read,Missing default
ant,org.apache.tools.ant.filters,FixCrLfFilter,read,Missing default
ant,org.apache.tools.ant.filters,FixCrLfFilter,read,Complex Method
ant,org.apache.tools.ant.filters,FixCrLfFilter,read,Magic Number
ant,org.apache.tools.ant.filters,FixCrLfFilter,read,Missing default
ant,org.apache.tools.ant.filters,FixCrLfFilter,read,Complex Method
ant,org.apache.tools.ant.filters,FixCrLfFilter,read,Missing default
ant,org.apache.tools.ant.filters,FixCrLfFilter,read,Missing default
ant,org.apache.tools.ant.filters,FixCrLfFilter,read,Missing default
ant,org.apache.tools.ant.filters,FixCrLfFilter,read,Missing default
ant,org.apache.tools.ant.filters,SimpleFilterReader,push,Magic Number
ant,org.apache.tools.ant.filters,MaskJavaTabLiteralsFilter,read,Complex Method
ant,org.apache.tools.ant.filters,MaskJavaTabLiteralsFilter,read,Missing default
ant,org.apache.tools.ant.filters,MaskJavaTabLiteralsFilter,read,Missing default
ant,org.apache.tools.ant.filters,MaskJavaTabLiteralsFilter,read,Missing default
ant,org.apache.tools.ant.filters,MaskJavaTabLiteralsFilter,read,Missing default
ant,org.apache.tools.ant.filters,MaskJavaTabLiteralsFilter,read,Missing default
ant,org.apache.tools.ant.filters,MaskJavaTabLiteralsFilter,read,Missing default
ant,org.apache.tools.ant.filters,MaskJavaTabLiteralsFilter,read,Missing default
ant,org.apache.tools.ant.filters,MaskJavaTabLiteralsFilter,read,Missing default
ant,org.apache.tools.ant.filters,NormalizeEolFilter,read,Complex Method
ant,org.apache.tools.ant.filters,NormalizeEolFilter,read,Magic Number
ant,org.apache.tools.ant.filters,NormalizeEolFilter,read,Missing default
ant,org.apache.tools.ant.filters,AddTabFilter,read,Complex Method
ant,org.apache.tools.ant.filters,AddTabFilter,read,Missing default
ant,org.apache.tools.ant.filters,AddTabFilter,read,Missing default
ant,org.apache.tools.ant.filters,AddTabFilter,read,Missing default
ant,org.apache.tools.ant.filters,RemoveTabFilter,read,Missing default
ant,org.apache.tools.ant.filters,LineContains,read,Complex Method
ant,org.apache.tools.ant.filters,LineContainsRegExp,read,Complex Method
ant,org.apache.tools.ant.filters,ReplaceTokens,read,Complex Method
ant,org.apache.tools.ant.filters,ReplaceTokens,initialize,Complex Method
ant,org.apache.tools.ant.filters,SortFilter,read,Complex Method
ant,org.apache.tools.ant.filters,SortFilter,initialize,Long Statement
ant,org.apache.tools.ant.filters,StripJavaComments,read,Complex Method
ant,org.apache.tools.ant.filters,StripLineComments,read,Complex Method
ant,org.apache.tools.ant.filters,SuffixLines,read,Complex Method
ant,org.apache.tools.ant.filters,TailFilter,tailFilter,Complex Method
ant,org.apache.tools.ant.filters,TokenFilter,read,Complex Method
ant,org.apache.tools.ant.filters,ConcatFilterTest,testFilterReaderNoArgs,Long Statement
ant,org.apache.tools.ant.filters,ConcatFilterTest,doTest,Long Statement
ant,org.apache.tools.ant.filters,ConcatFilterTest,doTest,Magic Number
ant,org.apache.tools.ant.filters,HeadTailTest,targets,Long Statement
ant,org.apache.tools.ant.filters,HeadTailTest,test,Long Statement
ant,org.apache.tools.ant.filters,ReplaceTokensTest,targets,Long Statement
ant,org.apache.tools.ant.filters,ReplaceTokensTest,test,Long Statement
ant,org.apache.tools.ant.filters,TokenFilterTest,testUnixLineOutput,Long Statement
ant,org.apache.tools.ant.filters,TokenFilterTest,testDosLineOutput,Long Statement
ant,org.apache.tools.ant.filters,TokenFilterTest,testFileTokenizer,Long Statement
ant,org.apache.tools.ant.filters,TokenFilterTest,testReplaceString,Long Statement
ant,org.apache.tools.ant.filters,TokenFilterTest,testContainsString,Long Statement
ant,org.apache.tools.ant.filters,TokenFilterTest,testReplaceRegex,Long Statement
ant,org.apache.tools.ant.filters,TokenFilterTest,testFilterReplaceRegex,Long Statement
ant,org.apache.tools.ant.filters,TokenFilterTest,testFilterReplaceRegex,Long Statement
ant,org.apache.tools.ant.filters,TokenFilterTest,testHandleDollerMatch,Long Statement
ant,org.apache.tools.ant.filters,TokenFilterTest,testFilterReplaceString,Long Statement
ant,org.apache.tools.ant.filters,TokenFilterTest,testContainsRegex,Long Statement
ant,org.apache.tools.ant.filters,TokenFilterTest,testFilterContainsRegex,Long Statement
ant,org.apache.tools.ant.filters,TokenFilterTest,testContainsRegex2,Long Statement
ant,org.apache.tools.ant.filters,TokenFilterTest,testContainsRegex2,Long Statement
ant,org.apache.tools.ant.filters,TokenFilterTest,testScriptFilter,Long Statement
ant,org.apache.tools.ant.filters,TokenFilterTest,testScriptFilter2,Long Statement
ant,org.apache.tools.ant.filters.util,ChainReaderHelper,getAssembledReader,Long Statement
ant,org.apache.tools.ant.filters.util,ChainReaderHelper,expandReader,Long Statement
ant,org.apache.tools.ant.filters.util,ChainReaderHelper,expandReader,Long Statement
ant,org.apache.tools.ant.helper,AntXMLContext,parentWrapper,Magic Number
ant,org.apache.tools.ant.helper,AntXMLContext,parentWrapper,Magic Number
ant,org.apache.tools.ant.helper,ProjectHelper2,parse,Complex Method
ant,org.apache.tools.ant.helper,ProjectHelper2,parse,Long Method
ant,org.apache.tools.ant.helper,ProjectHelper2,parse,Long Statement
ant,org.apache.tools.ant.helper,ProjectHelper2,parse,Magic Number
ant,org.apache.tools.ant.helper,ProjectHelper2,onStartElement,Long Parameter List
ant,org.apache.tools.ant.helper,ProjectHelper2,onStartChild,Long Parameter List
ant,org.apache.tools.ant.helper,ProjectHelper2,resolveEntity,Long Statement
ant,org.apache.tools.ant.helper,ProjectHelper2,onStartChild,Complex Conditional
ant,org.apache.tools.ant.helper,ProjectHelper2,onStartChild,Long Parameter List
ant,org.apache.tools.ant.helper,ProjectHelper2,onStartChild,Long Statement
ant,org.apache.tools.ant.helper,ProjectHelper2,onStartElement,Complex Conditional
ant,org.apache.tools.ant.helper,ProjectHelper2,onStartElement,Complex Conditional
ant,org.apache.tools.ant.helper,ProjectHelper2,onStartElement,Complex Method
ant,org.apache.tools.ant.helper,ProjectHelper2,onStartElement,Long Method
ant,org.apache.tools.ant.helper,ProjectHelper2,onStartElement,Long Parameter List
ant,org.apache.tools.ant.helper,ProjectHelper2,onStartElement,Long Statement
ant,org.apache.tools.ant.helper,ProjectHelper2,onStartElement,Long Statement
ant,org.apache.tools.ant.helper,ProjectHelper2,onStartElement,Missing default
ant,org.apache.tools.ant.helper,ProjectHelper2,onStartChild,Long Parameter List
ant,org.apache.tools.ant.helper,ProjectHelper2,onStartChild,Long Statement
ant,org.apache.tools.ant.helper,ProjectHelper2,onStartElement,Complex Conditional
ant,org.apache.tools.ant.helper,ProjectHelper2,onStartElement,Complex Conditional
ant,org.apache.tools.ant.helper,ProjectHelper2,onStartElement,Complex Method
ant,org.apache.tools.ant.helper,ProjectHelper2,onStartElement,Long Method
ant,org.apache.tools.ant.helper,ProjectHelper2,onStartElement,Long Parameter List
ant,org.apache.tools.ant.helper,ProjectHelper2,onStartElement,Long Statement
ant,org.apache.tools.ant.helper,ProjectHelper2,onStartElement,Long Statement
ant,org.apache.tools.ant.helper,ProjectHelper2,onStartElement,Missing default
ant,org.apache.tools.ant.helper,ProjectHelper2,onStartChild,Long Parameter List
ant,org.apache.tools.ant.helper,ProjectHelper2,onStartElement,Complex Conditional
ant,org.apache.tools.ant.helper,ProjectHelper2,onStartElement,Complex Conditional
ant,org.apache.tools.ant.helper,ProjectHelper2,onStartElement,Complex Method
ant,org.apache.tools.ant.helper,ProjectHelper2,onStartElement,Long Parameter List
ant,org.apache.tools.ant.helper,ProjectHelper2,onStartElement,Long Statement
ant,org.apache.tools.ant.helper,ProjectHelper2,onStartChild,Long Parameter List
ant,org.apache.tools.ant.helper,AntHandler,onStartElement,Long Parameter List
ant,org.apache.tools.ant.helper,AntHandler,onStartChild,Long Parameter List
ant,org.apache.tools.ant.helper,RootHandler,resolveEntity,Long Statement
ant,org.apache.tools.ant.helper,MainHandler,onStartChild,Complex Conditional
ant,org.apache.tools.ant.helper,MainHandler,onStartChild,Long Parameter List
ant,org.apache.tools.ant.helper,MainHandler,onStartChild,Long Statement
ant,org.apache.tools.ant.helper,ProjectHandler,onStartElement,Complex Conditional
ant,org.apache.tools.ant.helper,ProjectHandler,onStartElement,Complex Conditional
ant,org.apache.tools.ant.helper,ProjectHandler,onStartElement,Complex Method
ant,org.apache.tools.ant.helper,ProjectHandler,onStartElement,Long Method
ant,org.apache.tools.ant.helper,ProjectHandler,onStartElement,Long Parameter List
ant,org.apache.tools.ant.helper,ProjectHandler,onStartElement,Long Statement
ant,org.apache.tools.ant.helper,ProjectHandler,onStartElement,Long Statement
ant,org.apache.tools.ant.helper,ProjectHandler,onStartElement,Missing default
ant,org.apache.tools.ant.helper,ProjectHandler,onStartChild,Long Parameter List
ant,org.apache.tools.ant.helper,ProjectHandler,onStartChild,Long Statement
ant,org.apache.tools.ant.helper,TargetHandler,onStartElement,Complex Conditional
ant,org.apache.tools.ant.helper,TargetHandler,onStartElement,Complex Conditional
ant,org.apache.tools.ant.helper,TargetHandler,onStartElement,Complex Method
ant,org.apache.tools.ant.helper,TargetHandler,onStartElement,Long Method
ant,org.apache.tools.ant.helper,TargetHandler,onStartElement,Long Parameter List
ant,org.apache.tools.ant.helper,TargetHandler,onStartElement,Long Statement
ant,org.apache.tools.ant.helper,TargetHandler,onStartElement,Long Statement
ant,org.apache.tools.ant.helper,TargetHandler,onStartElement,Missing default
ant,org.apache.tools.ant.helper,TargetHandler,onStartChild,Long Parameter List
ant,org.apache.tools.ant.helper,ElementHandler,onStartElement,Complex Conditional
ant,org.apache.tools.ant.helper,ElementHandler,onStartElement,Complex Conditional
ant,org.apache.tools.ant.helper,ElementHandler,onStartElement,Complex Method
ant,org.apache.tools.ant.helper,ElementHandler,onStartElement,Long Parameter List
ant,org.apache.tools.ant.helper,ElementHandler,onStartElement,Long Statement
ant,org.apache.tools.ant.helper,ElementHandler,onStartChild,Long Parameter List
ant,org.apache.tools.ant.helper,ProjectHelperImpl,resolveEntity,Long Statement
ant,org.apache.tools.ant.helper,ProjectHelperImpl,init,Complex Method
ant,org.apache.tools.ant.helper,ProjectHelperImpl,init,Missing default
ant,org.apache.tools.ant.helper,ProjectHelperImpl,init,Complex Method
ant,org.apache.tools.ant.helper,ProjectHelperImpl,init,Missing default
ant,org.apache.tools.ant.helper,ProjectHelperImpl,handleElement,Long Parameter List
ant,org.apache.tools.ant.helper,ProjectHelperImpl,TaskHandler,Long Parameter List
ant,org.apache.tools.ant.helper,ProjectHelperImpl,init,Empty catch clause
ant,org.apache.tools.ant.helper,ProjectHelperImpl,NestedElementHandler,Long Parameter List
ant,org.apache.tools.ant.helper,RootHandler,resolveEntity,Long Statement
ant,org.apache.tools.ant.helper,ProjectHandler,init,Complex Method
ant,org.apache.tools.ant.helper,ProjectHandler,init,Missing default
ant,org.apache.tools.ant.helper,TargetHandler,init,Complex Method
ant,org.apache.tools.ant.helper,TargetHandler,init,Missing default
ant,org.apache.tools.ant.helper,TaskHandler,TaskHandler,Long Parameter List
ant,org.apache.tools.ant.helper,TaskHandler,init,Empty catch clause
ant,org.apache.tools.ant.helper,NestedElementHandler,NestedElementHandler,Long Parameter List
ant,org.apache.tools.ant.input,GreedyInputHandler,handleInput,Empty catch clause
ant,org.apache.tools.ant.launch,Launcher,run,Complex Method
ant,org.apache.tools.ant.launch,Launcher,run,Long Method
ant,org.apache.tools.ant.launch,Launcher,run,Long Statement
ant,org.apache.tools.ant.launch,Locator,getResourceSource,Empty catch clause
ant,org.apache.tools.ant.launch,Locator,fromURI,Complex Conditional
ant,org.apache.tools.ant.launch,Locator,fromURI,Complex Conditional
ant,org.apache.tools.ant.launch,Locator,fromURI,Empty catch clause
ant,org.apache.tools.ant.launch,Locator,fromURI,Long Statement
ant,org.apache.tools.ant.launch,Locator,fromURI,Magic Number
ant,org.apache.tools.ant.launch,Locator,decodeUri,Magic Number
ant,org.apache.tools.ant.launch,Locator,encodeURI,Complex Method
ant,org.apache.tools.ant.launch,Locator,getToolsJar,Empty catch clause
ant,org.apache.tools.ant.launch,LocatorTest,assertResolved,Complex Conditional
ant,org.apache.tools.ant.launch,LocatorTest,assertResolved,Long Statement
ant,org.apache.tools.ant.launch,LocatorTest,testNetworkURI,Long Statement
ant,org.apache.tools.ant.launch,LocatorTest,testTripleForwardSlashNetworkURI,Long Statement
ant,org.apache.tools.ant.launch,LocatorTest,testInternationalURI,Magic Number
ant,org.apache.tools.ant.listener,AnsiColorLogger,setColors,Complex Method
ant,org.apache.tools.ant.listener,AnsiColorLogger,setColors,Empty catch clause
ant,org.apache.tools.ant.listener,AnsiColorLogger,printMessage,Complex Method
ant,org.apache.tools.ant.listener,AnsiColorLogger,printMessage,Missing default
ant,org.apache.tools.ant.listener,BigProjectLogger,subBuildStarted,Long Statement
ant,org.apache.tools.ant.listener,BigProjectLogger,subBuildFinished,Long Statement
ant,org.apache.tools.ant.listener,CommonsLoggingListener,realLog,Complex Method
ant,org.apache.tools.ant.listener,CommonsLoggingListener,realLog,Missing default
ant,org.apache.tools.ant.listener,Log4jListener,messageLogged,Complex Method
ant,org.apache.tools.ant.listener,Log4jListener,messageLogged,Missing default
ant,org.apache.tools.ant.listener,MailLogger,buildFinished,Complex Conditional
ant,org.apache.tools.ant.listener,MailLogger,buildFinished,Empty catch clause
ant,org.apache.tools.ant.listener,MailLogger,buildFinished,Long Statement
ant,org.apache.tools.ant.listener,MailLogger,buildFinished,Long Statement
ant,org.apache.tools.ant.listener,MailLogger,sendMimeMail,Long Statement
ant,org.apache.tools.ant.property,ParseProperties,parseProperties,Magic Number
ant,org.apache.tools.ant.property,ParseProperties,parsePropertyName,Long Statement
ant,org.apache.tools.ant.property,ResolvePropertyMap,getProperty,Complex Conditional
ant,org.apache.tools.ant.property,ResolvePropertyMap,getProperty,Complex Conditional
ant,org.apache.tools.ant.taskdefs,AbstractCvsTask,getOutputStream,Long Statement
ant,org.apache.tools.ant.taskdefs,AbstractCvsTask,runCommand,Complex Method
ant,org.apache.tools.ant.taskdefs,AbstractCvsTask,runCommand,Long Statement
ant,org.apache.tools.ant.taskdefs,AbstractCvsTask,runCommand,Long Statement
ant,org.apache.tools.ant.taskdefs,AbstractCvsTask,executeToString,Long Statement
ant,org.apache.tools.ant.taskdefs,AbstractCvsTask,removeCvsPassword,Complex Conditional
ant,org.apache.tools.ant.taskdefs,AbstractCvsTask,configureCommandline,Complex Method
ant,org.apache.tools.ant.taskdefs,AbstractJarSignerTask,bindToKeystore,Complex Method
ant,org.apache.tools.ant.taskdefs,Ant,execute,Complex Conditional
ant,org.apache.tools.ant.taskdefs,Ant,execute,Complex Conditional
ant,org.apache.tools.ant.taskdefs,Ant,execute,Complex Method
ant,org.apache.tools.ant.taskdefs,Ant,execute,Long Statement
ant,org.apache.tools.ant.taskdefs,Ant,execute,Long Statement
ant,org.apache.tools.ant.taskdefs,Ant,execute,Long Statement
ant,org.apache.tools.ant.taskdefs,Ant,execute,Long Statement
ant,org.apache.tools.ant.taskdefs,Ant,execute,Long Statement
ant,org.apache.tools.ant.taskdefs,Ant,addReferences,Complex Method
ant,org.apache.tools.ant.taskdefs,Ant,copyReference,Empty catch clause
ant,org.apache.tools.ant.taskdefs,Ant,copyReference,Empty catch clause
ant,org.apache.tools.ant.taskdefs,Antlib,execute,Long Statement
ant,org.apache.tools.ant.taskdefs,AntStructure,execute,Long Statement
ant,org.apache.tools.ant.taskdefs,AntStructure,execute,Long Statement
ant,org.apache.tools.ant.taskdefs,AntStructure,printElementDecl,Complex Conditional
ant,org.apache.tools.ant.taskdefs,AntStructure,printElementDecl,Complex Conditional
ant,org.apache.tools.ant.taskdefs,AntStructure,printElementDecl,Complex Method
ant,org.apache.tools.ant.taskdefs,AntStructure,isNmtoken,Complex Conditional
ant,org.apache.tools.ant.taskdefs,DTDPrinter,printElementDecl,Complex Conditional
ant,org.apache.tools.ant.taskdefs,DTDPrinter,printElementDecl,Complex Conditional
ant,org.apache.tools.ant.taskdefs,DTDPrinter,printElementDecl,Complex Method
ant,org.apache.tools.ant.taskdefs,DTDPrinter,isNmtoken,Complex Conditional
ant,org.apache.tools.ant.taskdefs,Available,setType,Long Statement
ant,org.apache.tools.ant.taskdefs,Available,execute,Long Statement
ant,org.apache.tools.ant.taskdefs,Available,eval,Complex Conditional
ant,org.apache.tools.ant.taskdefs,Available,eval,Complex Method
ant,org.apache.tools.ant.taskdefs,Available,checkFile,Complex Conditional
ant,org.apache.tools.ant.taskdefs,Available,checkFile,Complex Conditional
ant,org.apache.tools.ant.taskdefs,Available,checkFile,Complex Method
ant,org.apache.tools.ant.taskdefs,Basename,removeExtension,Complex Conditional
ant,org.apache.tools.ant.taskdefs,Checksum,validateAndExecute,Complex Conditional
ant,org.apache.tools.ant.taskdefs,Checksum,validateAndExecute,Complex Conditional
ant,org.apache.tools.ant.taskdefs,Checksum,validateAndExecute,Complex Method
ant,org.apache.tools.ant.taskdefs,Checksum,addToIncludeFileMap,Complex Conditional
ant,org.apache.tools.ant.taskdefs,Checksum,generateChecksums,Complex Method
ant,org.apache.tools.ant.taskdefs,Checksum,generateChecksums,Long Statement
ant,org.apache.tools.ant.taskdefs,Checksum,readChecksum,Complex Conditional
ant,org.apache.tools.ant.taskdefs,Checksum,getRelativeFilePath,Long Statement
ant,org.apache.tools.ant.taskdefs,Classloader,execute,Complex Conditional
ant,org.apache.tools.ant.taskdefs,Classloader,execute,Complex Method
ant,org.apache.tools.ant.taskdefs,Classloader,execute,Long Statement
ant,org.apache.tools.ant.taskdefs,CloseResources,execute,Empty catch clause
ant,org.apache.tools.ant.taskdefs,Concat,getValue,Complex Method
ant,org.apache.tools.ant.taskdefs,Concat,read,Complex Method
ant,org.apache.tools.ant.taskdefs,Concat,addLastChar,Magic Number
ant,org.apache.tools.ant.taskdefs,Concat,getInputStream,Complex Method
ant,org.apache.tools.ant.taskdefs,Concat,execute,Long Statement
ant,org.apache.tools.ant.taskdefs,Concat,validate,Complex Method
ant,org.apache.tools.ant.taskdefs,Concat,isUpToDate,Long Statement
ant,org.apache.tools.ant.taskdefs,TextElement,getValue,Complex Method
ant,org.apache.tools.ant.taskdefs,MultiReader,read,Complex Method
ant,org.apache.tools.ant.taskdefs,MultiReader,addLastChar,Magic Number
ant,org.apache.tools.ant.taskdefs,ConcatResource,getInputStream,Complex Method
ant,org.apache.tools.ant.taskdefs,Copy,execute,Complex Conditional
ant,org.apache.tools.ant.taskdefs,Copy,execute,Complex Conditional
ant,org.apache.tools.ant.taskdefs,Copy,execute,Complex Method
ant,org.apache.tools.ant.taskdefs,Copy,execute,Long Identifier
ant,org.apache.tools.ant.taskdefs,Copy,execute,Long Method
ant,org.apache.tools.ant.taskdefs,Copy,copySingleFile,Complex Conditional
ant,org.apache.tools.ant.taskdefs,Copy,validateAttributes,Complex Method
ant,org.apache.tools.ant.taskdefs,Copy,validateAttributes,Long Identifier
ant,org.apache.tools.ant.taskdefs,Copy,buildMap,Complex Method
ant,org.apache.tools.ant.taskdefs,Copy,buildMap,Long Parameter List
ant,org.apache.tools.ant.taskdefs,Copy,buildMap,Complex Method
ant,org.apache.tools.ant.taskdefs,Copy,doFileOperations,Complex Conditional
ant,org.apache.tools.ant.taskdefs,Copy,doFileOperations,Complex Method
ant,org.apache.tools.ant.taskdefs,Copy,doFileOperations,Long Statement
ant,org.apache.tools.ant.taskdefs,Copy,doFileOperations,Long Statement
ant,org.apache.tools.ant.taskdefs,Copy,doResourceOperations,Complex Conditional
ant,org.apache.tools.ant.taskdefs,Copy,doResourceOperations,Complex Method
ant,org.apache.tools.ant.taskdefs,Copy,doResourceOperations,Long Statement
ant,org.apache.tools.ant.taskdefs,Copy,getDueTo,Long Statement
ant,org.apache.tools.ant.taskdefs,Copydir,execute,Long Statement
ant,org.apache.tools.ant.taskdefs,CopyPath,execute,Complex Method
ant,org.apache.tools.ant.taskdefs,CopyPath,execute,Long Statement
ant,org.apache.tools.ant.taskdefs,CVSPass,CVSPass,Long Statement
ant,org.apache.tools.ant.taskdefs,DefaultExcludes,execute,Complex Conditional
ant,org.apache.tools.ant.taskdefs,DefaultExcludes,execute,Long Statement
ant,org.apache.tools.ant.taskdefs,DefaultExcludes,execute,Long Statement
ant,org.apache.tools.ant.taskdefs,Definer,execute,Complex Method
ant,org.apache.tools.ant.taskdefs,Definer,execute,Long Statement
ant,org.apache.tools.ant.taskdefs,Definer,fileToURL,Complex Method
ant,org.apache.tools.ant.taskdefs,Definer,fileToURL,Missing default
ant,org.apache.tools.ant.taskdefs,Definer,resourceToURLs,Missing default
ant,org.apache.tools.ant.taskdefs,Definer,addDefinition,Complex Method
ant,org.apache.tools.ant.taskdefs,Definer,addDefinition,Long Statement
ant,org.apache.tools.ant.taskdefs,Definer,addDefinition,Long Statement
ant,org.apache.tools.ant.taskdefs,Definer,addDefinition,Missing default
ant,org.apache.tools.ant.taskdefs,Delete,execute,Complex Conditional
ant,org.apache.tools.ant.taskdefs,Delete,execute,Complex Conditional
ant,org.apache.tools.ant.taskdefs,Delete,execute,Complex Conditional
ant,org.apache.tools.ant.taskdefs,Delete,execute,Complex Method
ant,org.apache.tools.ant.taskdefs,Delete,execute,Long Method
ant,org.apache.tools.ant.taskdefs,Delete,execute,Long Statement
ant,org.apache.tools.ant.taskdefs,Delete,execute,Long Statement
ant,org.apache.tools.ant.taskdefs,Delete,execute,Long Statement
ant,org.apache.tools.ant.taskdefs,Delete,execute,Long Statement
ant,org.apache.tools.ant.taskdefs,Delete,delete,Long Statement
ant,org.apache.tools.ant.taskdefs,Delete,removeFiles,Complex Method
ant,org.apache.tools.ant.taskdefs,Delete,removeFiles,Long Statement
ant,org.apache.tools.ant.taskdefs,DependSet,execute,Complex Conditional
ant,org.apache.tools.ant.taskdefs,DependSet,logWithModificationTime,Long Statement
ant,org.apache.tools.ant.taskdefs,Ear,zipFile,Complex Conditional
ant,org.apache.tools.ant.taskdefs,Ear,zipFile,Long Statement
ant,org.apache.tools.ant.taskdefs,Echo,execute,Long Statement
ant,org.apache.tools.ant.taskdefs,EchoXML,execute,Long Statement
ant,org.apache.tools.ant.taskdefs,Exec,run,Complex Method
ant,org.apache.tools.ant.taskdefs,Exec,run,Empty catch clause
ant,org.apache.tools.ant.taskdefs,Exec,run,Empty catch clause
ant,org.apache.tools.ant.taskdefs,Exec,run,Empty catch clause
ant,org.apache.tools.ant.taskdefs,StreamPumper,run,Empty catch clause
ant,org.apache.tools.ant.taskdefs,StreamPumper,run,Empty catch clause
ant,org.apache.tools.ant.taskdefs,ExecTask,setCommand,Long Statement
ant,org.apache.tools.ant.taskdefs,ExecTask,resolveExecutable,Complex Method
ant,org.apache.tools.ant.taskdefs,Execute,getEnvironmentVariables,Complex Method
ant,org.apache.tools.ant.taskdefs,Execute,getProcEnvCommand,Complex Method
ant,org.apache.tools.ant.taskdefs,Execute,toString,Empty catch clause
ant,org.apache.tools.ant.taskdefs,Execute,toString,Empty catch clause
ant,org.apache.tools.ant.taskdefs,Execute,launch,Long Parameter List
ant,org.apache.tools.ant.taskdefs,Execute,isFailure,Magic Number
ant,org.apache.tools.ant.taskdefs,Execute,getVMSLogicals,Complex Method
ant,org.apache.tools.ant.taskdefs,Execute,getVMSLogicals,Magic Number
ant,org.apache.tools.ant.taskdefs,Execute,getVMSLogicals,Magic Number
ant,org.apache.tools.ant.taskdefs,Execute,getVMSLogicals,Magic Number
ant,org.apache.tools.ant.taskdefs,Execute,getVMSLogicals,Magic Number
ant,org.apache.tools.ant.taskdefs,ExecuteJava,execute,Complex Method
ant,org.apache.tools.ant.taskdefs,ExecuteJava,execute,Empty catch clause
ant,org.apache.tools.ant.taskdefs,ExecuteOn,runExec,Complex Conditional
ant,org.apache.tools.ant.taskdefs,ExecuteOn,runExec,Complex Conditional
ant,org.apache.tools.ant.taskdefs,ExecuteOn,runExec,Complex Method
ant,org.apache.tools.ant.taskdefs,ExecuteOn,runExec,Long Method
ant,org.apache.tools.ant.taskdefs,ExecuteOn,runExec,Long Statement
ant,org.apache.tools.ant.taskdefs,ExecuteOn,runExec,Long Statement
ant,org.apache.tools.ant.taskdefs,ExecuteOn,logSkippingFileset,Long Statement
ant,org.apache.tools.ant.taskdefs,ExecuteOn,logSkippingFileset,Long Statement
ant,org.apache.tools.ant.taskdefs,ExecuteOn,getCommandline,Complex Conditional
ant,org.apache.tools.ant.taskdefs,ExecuteOn,getCommandline,Complex Conditional
ant,org.apache.tools.ant.taskdefs,ExecuteOn,getCommandline,Complex Method
ant,org.apache.tools.ant.taskdefs,ExecuteOn,insertTargetFiles,Long Parameter List
ant,org.apache.tools.ant.taskdefs,Exit,execute,Complex Method
ant,org.apache.tools.ant.taskdefs,Exit,testNestedCondition,Complex Conditional
ant,org.apache.tools.ant.taskdefs,Expand,execute,Complex Method
ant,org.apache.tools.ant.taskdefs,Expand,extractFile,Complex Conditional
ant,org.apache.tools.ant.taskdefs,Expand,extractFile,Complex Method
ant,org.apache.tools.ant.taskdefs,Expand,extractFile,Long Parameter List
ant,org.apache.tools.ant.taskdefs,Expand,extractFile,Long Statement
ant,org.apache.tools.ant.taskdefs,Expand,extractFile,Long Statement
ant,org.apache.tools.ant.taskdefs,Expand,extractFile,Long Statement
ant,org.apache.tools.ant.taskdefs,FixCRLF,execute,Long Statement
ant,org.apache.tools.ant.taskdefs,FixCRLF,validate,Complex Method
ant,org.apache.tools.ant.taskdefs,FixCRLF,processFile,Long Statement
ant,org.apache.tools.ant.taskdefs,FixCRLF,processFile,Long Statement
ant,org.apache.tools.ant.taskdefs,FixCRLF,OneLiner,Long Statement
ant,org.apache.tools.ant.taskdefs,FixCRLF,nextLine,Complex Method
ant,org.apache.tools.ant.taskdefs,FixCRLF,nextLine,Magic Number
ant,org.apache.tools.ant.taskdefs,FixCRLF,nextLine,Magic Number
ant,org.apache.tools.ant.taskdefs,FixCRLF,nextLine,Missing default
ant,org.apache.tools.ant.taskdefs,FixCRLF,nextLine,Missing default
ant,org.apache.tools.ant.taskdefs,OneLiner,OneLiner,Long Statement
ant,org.apache.tools.ant.taskdefs,OneLiner,nextLine,Complex Method
ant,org.apache.tools.ant.taskdefs,OneLiner,nextLine,Magic Number
ant,org.apache.tools.ant.taskdefs,OneLiner,nextLine,Magic Number
ant,org.apache.tools.ant.taskdefs,OneLiner,nextLine,Missing default
ant,org.apache.tools.ant.taskdefs,OneLiner,nextLine,Missing default
ant,org.apache.tools.ant.taskdefs,GenerateKey,execute,Complex Method
ant,org.apache.tools.ant.taskdefs,Get,execute,Complex Method
ant,org.apache.tools.ant.taskdefs,Get,doGet,Complex Method
ant,org.apache.tools.ant.taskdefs,Get,doGet,Magic Number
ant,org.apache.tools.ant.taskdefs,Get,checkAttributes,Complex Conditional
ant,org.apache.tools.ant.taskdefs,Get,checkAttributes,Complex Method
ant,org.apache.tools.ant.taskdefs,Get,GetThread,Long Parameter List
ant,org.apache.tools.ant.taskdefs,Get,redirectionAllowed,Complex Conditional
ant,org.apache.tools.ant.taskdefs,Get,redirectionAllowed,Long Statement
ant,org.apache.tools.ant.taskdefs,Get,redirectionAllowed,Long Statement
ant,org.apache.tools.ant.taskdefs,Get,openConnection,Complex Conditional
ant,org.apache.tools.ant.taskdefs,Get,openConnection,Complex Method
ant,org.apache.tools.ant.taskdefs,Get,openConnection,Long Statement
ant,org.apache.tools.ant.taskdefs,Get,openConnection,Long Statement
ant,org.apache.tools.ant.taskdefs,Get,isMoved,Long Statement
ant,org.apache.tools.ant.taskdefs,GetThread,GetThread,Long Parameter List
ant,org.apache.tools.ant.taskdefs,GetThread,redirectionAllowed,Complex Conditional
ant,org.apache.tools.ant.taskdefs,GetThread,redirectionAllowed,Long Statement
ant,org.apache.tools.ant.taskdefs,GetThread,redirectionAllowed,Long Statement
ant,org.apache.tools.ant.taskdefs,GetThread,openConnection,Complex Conditional
ant,org.apache.tools.ant.taskdefs,GetThread,openConnection,Complex Method
ant,org.apache.tools.ant.taskdefs,GetThread,openConnection,Long Statement
ant,org.apache.tools.ant.taskdefs,GetThread,openConnection,Long Statement
ant,org.apache.tools.ant.taskdefs,GetThread,isMoved,Long Statement
ant,org.apache.tools.ant.taskdefs,GUnzip,extract,Long Statement
ant,org.apache.tools.ant.taskdefs,HostInfo,executeLocal,Long Statement
ant,org.apache.tools.ant.taskdefs,HostInfo,selectBestAddress,Complex Conditional
ant,org.apache.tools.ant.taskdefs,HostInfo,selectBestAddress,Complex Conditional
ant,org.apache.tools.ant.taskdefs,HostInfo,selectBestAddress,Complex Method
ant,org.apache.tools.ant.taskdefs,ImportTask,execute,Complex Method
ant,org.apache.tools.ant.taskdefs,ImportTask,importResource,Complex Conditional
ant,org.apache.tools.ant.taskdefs,ImportTask,isOneOf,Complex Conditional
ant,org.apache.tools.ant.taskdefs,Input,execute,Complex Conditional
ant,org.apache.tools.ant.taskdefs,Jar,getManifestFromJar,Long Statement
ant,org.apache.tools.ant.taskdefs,Jar,writeServices,Long Statement
ant,org.apache.tools.ant.taskdefs,Jar,createManifest,Long Statement
ant,org.apache.tools.ant.taskdefs,Jar,writeManifest,Long Statement
ant,org.apache.tools.ant.taskdefs,Jar,createIndexList,Complex Method
ant,org.apache.tools.ant.taskdefs,Jar,zipFile,Long Parameter List
ant,org.apache.tools.ant.taskdefs,Jar,zipFile,Long Statement
ant,org.apache.tools.ant.taskdefs,Jar,getResourcesToAdd,Long Statement
ant,org.apache.tools.ant.taskdefs,Jar,createEmptyZip,Long Statement
ant,org.apache.tools.ant.taskdefs,Jar,writeIndexLikeList,Magic Number
ant,org.apache.tools.ant.taskdefs,Jar,findJarName,Long Statement
ant,org.apache.tools.ant.taskdefs,Jar,grabManifests,Complex Method
ant,org.apache.tools.ant.taskdefs,Java,checkConfiguration,Complex Conditional
ant,org.apache.tools.ant.taskdefs,Java,checkConfiguration,Complex Method
ant,org.apache.tools.ant.taskdefs,Java,checkConfiguration,Long Statement
ant,org.apache.tools.ant.taskdefs,Java,checkConfiguration,Long Statement
ant,org.apache.tools.ant.taskdefs,Java,setJar,Complex Conditional
ant,org.apache.tools.ant.taskdefs,Java,setJar,Long Statement
ant,org.apache.tools.ant.taskdefs,Java,setJar,Long Statement
ant,org.apache.tools.ant.taskdefs,Java,setSourceFile,Complex Conditional
ant,org.apache.tools.ant.taskdefs,Java,setupRedirector,Complex Conditional
ant,org.apache.tools.ant.taskdefs,Javac,getAltCompilerName,Complex Conditional
ant,org.apache.tools.ant.taskdefs,Javac,getAltCompilerName,Complex Conditional
ant,org.apache.tools.ant.taskdefs,Javac,getAltCompilerName,Long Statement
ant,org.apache.tools.ant.taskdefs,Javac,getAltCompilerName,Long Statement
ant,org.apache.tools.ant.taskdefs,Javac,execute,Complex Conditional
ant,org.apache.tools.ant.taskdefs,Javac,collectFileListFromModulePath,Long Statement
ant,org.apache.tools.ant.taskdefs,Javac,findSupportedFileExtensions,Long Statement
ant,org.apache.tools.ant.taskdefs,Javac,isJdkCompiler,Long Statement
ant,org.apache.tools.ant.taskdefs,Javac,checkParameters,Complex Method
ant,org.apache.tools.ant.taskdefs,Javac,checkParameters,Long Statement
ant,org.apache.tools.ant.taskdefs,Javac,checkParameters,Long Statement
ant,org.apache.tools.ant.taskdefs,Javac,compile,Complex Method
ant,org.apache.tools.ant.taskdefs,Javac,compile,Long Statement
ant,org.apache.tools.ant.taskdefs,Javac,compile,Long Statement
ant,org.apache.tools.ant.taskdefs,Javac,generateMissingPackageInfoClasses,Magic Number
ant,org.apache.tools.ant.taskdefs,Javac,generateMissingPackageInfoClasses,Magic Number
ant,org.apache.tools.ant.taskdefs,Javac,generateMissingPackageInfoClasses,Magic Number
ant,org.apache.tools.ant.taskdefs,Javac,expandGroups,Complex Method
ant,org.apache.tools.ant.taskdefs,Javac,expandGroups,Missing default
ant,org.apache.tools.ant.taskdefs,Javac,expandGroups,Missing default
ant,org.apache.tools.ant.taskdefs,Javadoc,setLinkoffline,Long Statement
ant,org.apache.tools.ant.taskdefs,Javadoc,setScope,Complex Method
ant,org.apache.tools.ant.taskdefs,Javadoc,execute,Complex Method
ant,org.apache.tools.ant.taskdefs,Javadoc,checkPackagesToDoc,Complex Conditional
ant,org.apache.tools.ant.taskdefs,Javadoc,generalJavadocArguments,Complex Method
ant,org.apache.tools.ant.taskdefs,Javadoc,doDoclet,Complex Method
ant,org.apache.tools.ant.taskdefs,Javadoc,doLinks,Complex Method
ant,org.apache.tools.ant.taskdefs,Javadoc,doLinks,Long Statement
ant,org.apache.tools.ant.taskdefs,Javadoc,doSourceAndPackageNames,Long Parameter List
ant,org.apache.tools.ant.taskdefs,Javadoc,quoteString,Complex Conditional
ant,org.apache.tools.ant.taskdefs,Javadoc,quoteString,Magic Number
ant,org.apache.tools.ant.taskdefs,Javadoc,quoteString,Missing default
ant,org.apache.tools.ant.taskdefs,Javadoc,parsePackages,Complex Method
ant,org.apache.tools.ant.taskdefs,Javadoc,parsePackages,Long Statement
ant,org.apache.tools.ant.taskdefs,Javadoc,parsePackages,Long Statement
ant,org.apache.tools.ant.taskdefs,Javadoc,parsePackages,Long Statement
ant,org.apache.tools.ant.taskdefs,Javadoc,parsePackages,Long Statement
ant,org.apache.tools.ant.taskdefs,TagArgument,setScope,Complex Method
ant,org.apache.tools.ant.taskdefs,JDBCTask,isValidRdbms,Complex Conditional
ant,org.apache.tools.ant.taskdefs,JDBCTask,getConnection,Complex Method
ant,org.apache.tools.ant.taskdefs,KeySubst,replace,Magic Number
ant,org.apache.tools.ant.taskdefs,KeySubst,replace,Magic Number
ant,org.apache.tools.ant.taskdefs,KeySubst,replace,Magic Number
ant,org.apache.tools.ant.taskdefs,Length,execute,Long Statement
ant,org.apache.tools.ant.taskdefs,Length,validate,Long Statement
ant,org.apache.tools.ant.taskdefs,LoadProperties,execute,Long Statement
ant,org.apache.tools.ant.taskdefs,LoadResource,execute,Complex Method
ant,org.apache.tools.ant.taskdefs,LoadResource,execute,Long Statement
ant,org.apache.tools.ant.taskdefs,MacroDef,addConfiguredElement,Complex Conditional
ant,org.apache.tools.ant.taskdefs,MacroDef,equals,Long Statement
ant,org.apache.tools.ant.taskdefs,MacroDef,sameOrSimilar,Complex Conditional
ant,org.apache.tools.ant.taskdefs,MacroDef,sameOrSimilar,Complex Conditional
ant,org.apache.tools.ant.taskdefs,MacroDef,sameOrSimilar,Complex Conditional
ant,org.apache.tools.ant.taskdefs,MacroDef,sameOrSimilar,Complex Method
ant,org.apache.tools.ant.taskdefs,MacroDef,sameOrSimilar,Long Statement
ant,org.apache.tools.ant.taskdefs,Text,equals,Long Statement
ant,org.apache.tools.ant.taskdefs,MacroInstance,macroSubs,Complex Method
ant,org.apache.tools.ant.taskdefs,MacroInstance,macroSubs,Missing default
ant,org.apache.tools.ant.taskdefs,MacroInstance,macroSubs,Missing default
ant,org.apache.tools.ant.taskdefs,MacroInstance,copy,Complex Method
ant,org.apache.tools.ant.taskdefs,MacroInstance,execute,Complex Method
ant,org.apache.tools.ant.taskdefs,MakeUrl,validate,Complex Conditional
ant,org.apache.tools.ant.taskdefs,Manifest,equals,Long Statement
ant,org.apache.tools.ant.taskdefs,Manifest,parse,Long Statement
ant,org.apache.tools.ant.taskdefs,Manifest,parse,Magic Number
ant,org.apache.tools.ant.taskdefs,Manifest,merge,Complex Conditional
ant,org.apache.tools.ant.taskdefs,Manifest,merge,Complex Method
ant,org.apache.tools.ant.taskdefs,Manifest,merge,Long Statement
ant,org.apache.tools.ant.taskdefs,Manifest,addConfiguredAttribute,Long Statement
ant,org.apache.tools.ant.taskdefs,Manifest,addAttributeAndCheck,Long Statement
ant,org.apache.tools.ant.taskdefs,Manifest,addAttributeAndCheck,Long Statement
ant,org.apache.tools.ant.taskdefs,Manifest,addAttributeAndCheck,Long Statement
ant,org.apache.tools.ant.taskdefs,Manifest,clone,Long Statement
ant,org.apache.tools.ant.taskdefs,Manifest,Manifest,Long Statement
ant,org.apache.tools.ant.taskdefs,Manifest,write,Empty catch clause
ant,org.apache.tools.ant.taskdefs,Attribute,equals,Long Statement
ant,org.apache.tools.ant.taskdefs,Attribute,parse,Long Statement
ant,org.apache.tools.ant.taskdefs,Attribute,parse,Magic Number
ant,org.apache.tools.ant.taskdefs,Section,merge,Complex Conditional
ant,org.apache.tools.ant.taskdefs,Section,merge,Complex Method
ant,org.apache.tools.ant.taskdefs,Section,merge,Long Statement
ant,org.apache.tools.ant.taskdefs,Section,addConfiguredAttribute,Long Statement
ant,org.apache.tools.ant.taskdefs,Section,addAttributeAndCheck,Long Statement
ant,org.apache.tools.ant.taskdefs,Section,addAttributeAndCheck,Long Statement
ant,org.apache.tools.ant.taskdefs,Section,addAttributeAndCheck,Long Statement
ant,org.apache.tools.ant.taskdefs,Section,clone,Long Statement
ant,org.apache.tools.ant.taskdefs,ManifestClassPath,execute,Complex Method
ant,org.apache.tools.ant.taskdefs,ManifestTask,execute,Complex Method
ant,org.apache.tools.ant.taskdefs,ManifestTask,execute,Long Statement
ant,org.apache.tools.ant.taskdefs,ManifestTask,execute,Long Statement
ant,org.apache.tools.ant.taskdefs,MatchingTask,XsetItems,Complex Conditional
ant,org.apache.tools.ant.taskdefs,Mkdir,execute,Long Statement
ant,org.apache.tools.ant.taskdefs,Mkdir,execute,Long Statement
ant,org.apache.tools.ant.taskdefs,Move,validateAttributes,Complex Conditional
ant,org.apache.tools.ant.taskdefs,Move,doFileOperations,Complex Method
ant,org.apache.tools.ant.taskdefs,Move,doFileOperations,Long Statement
ant,org.apache.tools.ant.taskdefs,Move,moveFile,Long Statement
ant,org.apache.tools.ant.taskdefs,Move,copyFile,Long Statement
ant,org.apache.tools.ant.taskdefs,Move,renameFile,Complex Conditional
ant,org.apache.tools.ant.taskdefs,Move,renameFile,Complex Method
ant,org.apache.tools.ant.taskdefs,Pack,addConfigured,Long Statement
ant,org.apache.tools.ant.taskdefs,Parallel,spinThreads,Complex Method
ant,org.apache.tools.ant.taskdefs,Parallel,spinThreads,Empty catch clause
ant,org.apache.tools.ant.taskdefs,Parallel,spinThreads,Long Method
ant,org.apache.tools.ant.taskdefs,Parallel,run,Empty catch clause
ant,org.apache.tools.ant.taskdefs,PathConvert,execute,Complex Method
ant,org.apache.tools.ant.taskdefs,PreSetDef,sameDefinition,Long Statement
ant,org.apache.tools.ant.taskdefs,PreSetDef,similarDefinition,Long Statement
ant,org.apache.tools.ant.taskdefs,PreSetDefinition,sameDefinition,Long Statement
ant,org.apache.tools.ant.taskdefs,PreSetDefinition,similarDefinition,Long Statement
ant,org.apache.tools.ant.taskdefs,ProcessDestroyer,ProcessDestroyer,Empty catch clause
ant,org.apache.tools.ant.taskdefs,ProcessDestroyer,removeShutdownHook,Complex Conditional
ant,org.apache.tools.ant.taskdefs,ProcessDestroyer,removeShutdownHook,Empty catch clause
ant,org.apache.tools.ant.taskdefs,ProjectHelperTask,execute,Long Statement
ant,org.apache.tools.ant.taskdefs,Property,execute,Complex Conditional
ant,org.apache.tools.ant.taskdefs,Property,execute,Complex Conditional
ant,org.apache.tools.ant.taskdefs,Property,execute,Complex Method
ant,org.apache.tools.ant.taskdefs,Property,execute,Long Statement
ant,org.apache.tools.ant.taskdefs,Property,resolveAllProperties,Long Statement
ant,org.apache.tools.ant.taskdefs,PropertyHelperTask,execute,Long Statement
ant,org.apache.tools.ant.taskdefs,PumpStreamHandler,stop,Empty catch clause
ant,org.apache.tools.ant.taskdefs,PumpStreamHandler,stop,Empty catch clause
ant,org.apache.tools.ant.taskdefs,PumpStreamHandler,finish,Complex Method
ant,org.apache.tools.ant.taskdefs,PumpStreamHandler,finish,Empty catch clause
ant,org.apache.tools.ant.taskdefs,PumpStreamHandler,finish,Magic Number
ant,org.apache.tools.ant.taskdefs,RecorderEntry,log,Complex Conditional
ant,org.apache.tools.ant.taskdefs,RecorderEntry,formatTime,Long Statement
ant,org.apache.tools.ant.taskdefs,RecorderEntry,formatTime,Magic Number
ant,org.apache.tools.ant.taskdefs,RecorderEntry,formatTime,Magic Number
ant,org.apache.tools.ant.taskdefs,RecorderEntry,formatTime,Magic Number
ant,org.apache.tools.ant.taskdefs,RecorderEntry,formatTime,Magic Number
ant,org.apache.tools.ant.taskdefs,RecorderEntry,formatTime,Magic Number
ant,org.apache.tools.ant.taskdefs,Redirector,close,Complex Conditional
ant,org.apache.tools.ant.taskdefs,Redirector,createStreams,Complex Conditional
ant,org.apache.tools.ant.taskdefs,Redirector,createStreams,Complex Conditional
ant,org.apache.tools.ant.taskdefs,Redirector,createStreams,Complex Conditional
ant,org.apache.tools.ant.taskdefs,Redirector,createStreams,Complex Method
ant,org.apache.tools.ant.taskdefs,Redirector,errorStreams,Complex Conditional
ant,org.apache.tools.ant.taskdefs,Redirector,complete,Empty catch clause
ant,org.apache.tools.ant.taskdefs,Redirector,foldFiles,Long Parameter List
ant,org.apache.tools.ant.taskdefs,PropertyOutputStream,close,Complex Conditional
ant,org.apache.tools.ant.taskdefs,Replace,validate,Long Statement
ant,org.apache.tools.ant.taskdefs,Replace,execute,Complex Method
ant,org.apache.tools.ant.taskdefs,Replace,validateAttributes,Complex Conditional
ant,org.apache.tools.ant.taskdefs,Replace,processFile,Long Statement
ant,org.apache.tools.ant.taskdefs,Replace,logFilterChain,Long Statement
ant,org.apache.tools.ant.taskdefs,Replacefilter,validate,Long Statement
ant,org.apache.tools.ant.taskdefs,Retry,addTask,Long Statement
ant,org.apache.tools.ant.taskdefs,Retry,execute,Empty catch clause
ant,org.apache.tools.ant.taskdefs,Retry,execute,Long Statement
ant,org.apache.tools.ant.taskdefs,Rmic,execute,Complex Conditional
ant,org.apache.tools.ant.taskdefs,Rmic,execute,Complex Method
ant,org.apache.tools.ant.taskdefs,Rmic,execute,Long Statement
ant,org.apache.tools.ant.taskdefs,Rmic,scanDir,Complex Conditional
ant,org.apache.tools.ant.taskdefs,Rmic,scanDir,Long Statement
ant,org.apache.tools.ant.taskdefs,Rmic,isValidRmiRemote,Long Identifier
ant,org.apache.tools.ant.taskdefs,SetPermissions,setPermissions,Long Statement
ant,org.apache.tools.ant.taskdefs,SetPermissions,setMode,Magic Number
ant,org.apache.tools.ant.taskdefs,SetPermissions,execute,Long Statement
ant,org.apache.tools.ant.taskdefs,SetPermissions,execute,Long Statement
ant,org.apache.tools.ant.taskdefs,SetPermissions,tryDos,Long Statement
ant,org.apache.tools.ant.taskdefs,SetPermissions,isWritable,Long Statement
ant,org.apache.tools.ant.taskdefs,SignJar,execute,Complex Method
ant,org.apache.tools.ant.taskdefs,SignJar,signOneJar,Complex Method
ant,org.apache.tools.ant.taskdefs,SignJar,isUpToDate,Complex Conditional
ant,org.apache.tools.ant.taskdefs,Sleep,doSleep,Empty catch clause
ant,org.apache.tools.ant.taskdefs,Sleep,getSleepTime,Magic Number
ant,org.apache.tools.ant.taskdefs,Sleep,getSleepTime,Magic Number
ant,org.apache.tools.ant.taskdefs,Sleep,getSleepTime,Magic Number
ant,org.apache.tools.ant.taskdefs,SQLExec,execute,Complex Conditional
ant,org.apache.tools.ant.taskdefs,SQLExec,execute,Complex Method
ant,org.apache.tools.ant.taskdefs,SQLExec,execute,Empty catch clause
ant,org.apache.tools.ant.taskdefs,SQLExec,execute,Long Statement
ant,org.apache.tools.ant.taskdefs,SQLExec,runStatements,Complex Method
ant,org.apache.tools.ant.taskdefs,SQLExec,execSQL,Complex Method
ant,org.apache.tools.ant.taskdefs,SQLExec,printResults,Magic Number
ant,org.apache.tools.ant.taskdefs,SQLExec,printResults,Magic Number
ant,org.apache.tools.ant.taskdefs,SQLExec,maybeQuote,Complex Conditional
ant,org.apache.tools.ant.taskdefs,SQLExec,maybeQuote,Long Statement
ant,org.apache.tools.ant.taskdefs,SQLExec,closeQuietly,Complex Conditional
ant,org.apache.tools.ant.taskdefs,SQLExec,closeQuietly,Empty catch clause
ant,org.apache.tools.ant.taskdefs,SQLExec,lastDelimiterPosition,Complex Conditional
ant,org.apache.tools.ant.taskdefs,SQLExec,lastDelimiterPosition,Complex Method
ant,org.apache.tools.ant.taskdefs,SQLExec,lastDelimiterPosition,Long Statement
ant,org.apache.tools.ant.taskdefs,StreamPumper,run,Empty catch clause
ant,org.apache.tools.ant.taskdefs,SubAnt,execute,Complex Method
ant,org.apache.tools.ant.taskdefs,SubAnt,execute,Complex Conditional
ant,org.apache.tools.ant.taskdefs,SubAnt,copyProperty,Complex Method
ant,org.apache.tools.ant.taskdefs,Sync,logRemovedCount,Magic Number
ant,org.apache.tools.ant.taskdefs,Sync,removeOrphanFiles,Complex Method
ant,org.apache.tools.ant.taskdefs,Sync,removeEmptyDirectories,Complex Conditional
ant,org.apache.tools.ant.taskdefs,Tar,execute,Complex Conditional
ant,org.apache.tools.ant.taskdefs,Tar,execute,Complex Method
ant,org.apache.tools.ant.taskdefs,Tar,execute,Long Statement
ant,org.apache.tools.ant.taskdefs,Tar,execute,Long Statement
ant,org.apache.tools.ant.taskdefs,Tar,tarResource,Complex Method
ant,org.apache.tools.ant.taskdefs,Tar,tarResource,Long Method
ant,org.apache.tools.ant.taskdefs,Tar,check,Complex Method
ant,org.apache.tools.ant.taskdefs,Tar,tar,Complex Conditional
ant,org.apache.tools.ant.taskdefs,Tar,tar,Complex Method
ant,org.apache.tools.ant.taskdefs,Tar,asTarFileSet,Complex Method
ant,org.apache.tools.ant.taskdefs,Touch,checkConfiguration,Complex Conditional
ant,org.apache.tools.ant.taskdefs,Touch,checkConfiguration,Complex Method
ant,org.apache.tools.ant.taskdefs,Touch,checkConfiguration,Long Statement
ant,org.apache.tools.ant.taskdefs,Touch,checkConfiguration,Long Statement
ant,org.apache.tools.ant.taskdefs,Tstamp,execute,Magic Number
ant,org.apache.tools.ant.taskdefs,Tstamp,getNow,Long Statement
ant,org.apache.tools.ant.taskdefs,Tstamp,getNow,Long Statement
ant,org.apache.tools.ant.taskdefs,Tstamp,getNow,Magic Number
ant,org.apache.tools.ant.taskdefs,Unpack,createDestFile,Complex Conditional
ant,org.apache.tools.ant.taskdefs,Unpack,createDestFile,Long Statement
ant,org.apache.tools.ant.taskdefs,UpToDate,eval,Complex Conditional
ant,org.apache.tools.ant.taskdefs,UpToDate,eval,Complex Conditional
ant,org.apache.tools.ant.taskdefs,UpToDate,eval,Complex Method
ant,org.apache.tools.ant.taskdefs,UpToDate,eval,Long Statement
ant,org.apache.tools.ant.taskdefs,UpToDate,eval,Long Statement
ant,org.apache.tools.ant.taskdefs,VerifyJar,verifyOneJar,Complex Method
ant,org.apache.tools.ant.taskdefs,VerifyJar,verifyOneJar,Long Statement
ant,org.apache.tools.ant.taskdefs,War,zipFile,Long Statement
ant,org.apache.tools.ant.taskdefs,War,cleanUp,Complex Conditional
ant,org.apache.tools.ant.taskdefs,XmlProperty,processNode,Complex Conditional
ant,org.apache.tools.ant.taskdefs,XmlProperty,processNode,Complex Conditional
ant,org.apache.tools.ant.taskdefs,XmlProperty,processNode,Complex Conditional
ant,org.apache.tools.ant.taskdefs,XmlProperty,processNode,Complex Conditional
ant,org.apache.tools.ant.taskdefs,XmlProperty,processNode,Complex Conditional
ant,org.apache.tools.ant.taskdefs,XmlProperty,processNode,Complex Conditional
ant,org.apache.tools.ant.taskdefs,XmlProperty,processNode,Complex Conditional
ant,org.apache.tools.ant.taskdefs,XmlProperty,processNode,Complex Method
ant,org.apache.tools.ant.taskdefs,XmlProperty,processNode,Long Statement
ant,org.apache.tools.ant.taskdefs,XmlProperty,processNode,Long Statement
ant,org.apache.tools.ant.taskdefs,XmlProperty,processNode,Long Statement
ant,org.apache.tools.ant.taskdefs,XSLTProcess,execute,Complex Method
ant,org.apache.tools.ant.taskdefs,XSLTProcess,process,Complex Conditional
ant,org.apache.tools.ant.taskdefs,XSLTProcess,process,Complex Conditional
ant,org.apache.tools.ant.taskdefs,XSLTProcess,process,Long Statement
ant,org.apache.tools.ant.taskdefs,XSLTProcess,ensureDirectoryFor,Complex Conditional
ant,org.apache.tools.ant.taskdefs,XSLTProcess,configureLiaison,Complex Method
ant,org.apache.tools.ant.taskdefs,XSLTProcess,configureLiaison,Long Statement
ant,org.apache.tools.ant.taskdefs,XSLTProcess,evaluateParam,Complex Method
ant,org.apache.tools.ant.taskdefs,XSLTProcess,evaluateParam,Missing default
ant,org.apache.tools.ant.taskdefs,Zip,executeMain,Complex Conditional
ant,org.apache.tools.ant.taskdefs,Zip,executeMain,Complex Conditional
ant,org.apache.tools.ant.taskdefs,Zip,executeMain,Complex Method
ant,org.apache.tools.ant.taskdefs,Zip,executeMain,Long Method
ant,org.apache.tools.ant.taskdefs,Zip,checkAttributesAndElements,Complex Conditional
ant,org.apache.tools.ant.taskdefs,Zip,addResources,Complex Method
ant,org.apache.tools.ant.taskdefs,Zip,addDirectoryResource,Long Parameter List
ant,org.apache.tools.ant.taskdefs,Zip,addDirectoryResource,Magic Number
ant,org.apache.tools.ant.taskdefs,Zip,getUnixMode,Complex Conditional
ant,org.apache.tools.ant.taskdefs,Zip,addResource,Long Parameter List
ant,org.apache.tools.ant.taskdefs,Zip,addResource,Long Statement
ant,org.apache.tools.ant.taskdefs,Zip,addResources,Complex Method
ant,org.apache.tools.ant.taskdefs,Zip,createEmptyZip,Magic Number
ant,org.apache.tools.ant.taskdefs,Zip,createEmptyZip,Magic Number
ant,org.apache.tools.ant.taskdefs,Zip,createEmptyZip,Magic Number
ant,org.apache.tools.ant.taskdefs,Zip,createEmptyZip,Magic Number
ant,org.apache.tools.ant.taskdefs,Zip,createEmptyZip,Magic Number
ant,org.apache.tools.ant.taskdefs,Zip,createEmptyZip,Magic Number
ant,org.apache.tools.ant.taskdefs,Zip,createEmptyZip,Magic Number
ant,org.apache.tools.ant.taskdefs,Zip,getResourcesToAdd,Complex Method
ant,org.apache.tools.ant.taskdefs,Zip,getResourcesToAdd,Long Identifier
ant,org.apache.tools.ant.taskdefs,Zip,getResourcesToAdd,Long Statement
ant,org.apache.tools.ant.taskdefs,Zip,getResourcesToAdd,Long Statement
ant,org.apache.tools.ant.taskdefs,Zip,getResourcesToAdd,Long Statement
ant,org.apache.tools.ant.taskdefs,Zip,getNonFileSetResourcesToAdd,Complex Method
ant,org.apache.tools.ant.taskdefs,Zip,getNonFileSetResourcesToAdd,Long Identifier
ant,org.apache.tools.ant.taskdefs,Zip,selectOutOfDateResources,Long Identifier
ant,org.apache.tools.ant.taskdefs,Zip,grabResources,Complex Method
ant,org.apache.tools.ant.taskdefs,Zip,zipDir,Long Parameter List
ant,org.apache.tools.ant.taskdefs,Zip,zipDir,Long Parameter List
ant,org.apache.tools.ant.taskdefs,Zip,zipFile,Complex Method
ant,org.apache.tools.ant.taskdefs,Zip,zipFile,Long Parameter List
ant,org.apache.tools.ant.taskdefs,Zip,zipFile,Long Parameter List
ant,org.apache.tools.ant.taskdefs,Zip,addParentDirs,Long Parameter List
ant,org.apache.tools.ant.taskdefs,Zip,cleanUp,Long Identifier
ant,org.apache.tools.ant.taskdefs,AntTest,testLogfilePlacement,Long Statement
ant,org.apache.tools.ant.taskdefs,AntTest,targetStarted,Complex Method
ant,org.apache.tools.ant.taskdefs,ReferenceChecker,targetStarted,Complex Method
ant,org.apache.tools.ant.taskdefs,BUnzip2Test,testRealTest,Long Statement
ant,org.apache.tools.ant.taskdefs,BZip2Test,testDateCheck,Long Statement
ant,org.apache.tools.ant.taskdefs,ConcatTest,test4,Magic Number
ant,org.apache.tools.ant.taskdefs,ConcatTest,testAppend,Magic Number
ant,org.apache.tools.ant.taskdefs,ConcatTest,testfixlastline,Long Statement
ant,org.apache.tools.ant.taskdefs,ConcatTest,testfixlastlineeol,Long Statement
ant,org.apache.tools.ant.taskdefs,ConcatTest,testTranscoding,Long Statement
ant,org.apache.tools.ant.taskdefs,CopyTest,test3,Magic Number
ant,org.apache.tools.ant.taskdefs,CopyTest,testFileResourceWithFilter,Empty catch clause
ant,org.apache.tools.ant.taskdefs,DefaultExcludesTest,targets,Long Statement
ant,org.apache.tools.ant.taskdefs,DefaultExcludesTest,test,Long Statement
ant,org.apache.tools.ant.taskdefs,DirnameTest,test4,Long Statement
ant,org.apache.tools.ant.taskdefs,DirnameTest,test5,Long Statement
ant,org.apache.tools.ant.taskdefs,EchoTest,EchoTestLogger,Magic Number
ant,org.apache.tools.ant.taskdefs,EchoTest,EchoTestLogger,Magic Number
ant,org.apache.tools.ant.taskdefs,EchoTestLogger,EchoTestLogger,Magic Number
ant,org.apache.tools.ant.taskdefs,EchoTestLogger,EchoTestLogger,Magic Number
ant,org.apache.tools.ant.taskdefs,ExecStreamRedirectorTest,testRedirection,Long Statement
ant,org.apache.tools.ant.taskdefs,ExecStreamRedirectorTest,testRedirection,Magic Number
ant,org.apache.tools.ant.taskdefs,ExecStreamRedirectorTest,readAllBytes,Magic Number
ant,org.apache.tools.ant.taskdefs,ExecTaskTest,testspawn,Long Statement
ant,org.apache.tools.ant.taskdefs,ExecTaskTest,testspawn,Long Statement
ant,org.apache.tools.ant.taskdefs,ExecTaskTest,testspawn,Magic Number
ant,org.apache.tools.ant.taskdefs,ExecTaskTest,testspawn,Magic Number
ant,org.apache.tools.ant.taskdefs,ExecTaskTest,testspawn,Magic Number
ant,org.apache.tools.ant.taskdefs,ExecuteJavaTest,testNoTimeOut,Magic Number
ant,org.apache.tools.ant.taskdefs,ExecuteJavaTest,testTimeOut,Long Statement
ant,org.apache.tools.ant.taskdefs,ExecuteJavaTest,testTimeOut,Long Statement
ant,org.apache.tools.ant.taskdefs,ExecuteJavaTest,testTimeOut,Magic Number
ant,org.apache.tools.ant.taskdefs,ExecuteJavaTest,testTimeOut,Magic Number
ant,org.apache.tools.ant.taskdefs,ExecuteJavaTest,testTimeOut,Magic Number
ant,org.apache.tools.ant.taskdefs,ExecuteJavaTest,testNoTimeOutForked,Magic Number
ant,org.apache.tools.ant.taskdefs,ExecuteJavaTest,testTimeOutForked,Long Statement
ant,org.apache.tools.ant.taskdefs,ExecuteJavaTest,testTimeOutForked,Long Statement
ant,org.apache.tools.ant.taskdefs,ExecuteJavaTest,testTimeOutForked,Magic Number
ant,org.apache.tools.ant.taskdefs,ExecuteJavaTest,testTimeOutForked,Magic Number
ant,org.apache.tools.ant.taskdefs,ExecuteJavaTest,testTimeOutForked,Magic Number
ant,org.apache.tools.ant.taskdefs,ExecuteWatchdogTest,getProcess,Long Statement
ant,org.apache.tools.ant.taskdefs,ExecuteWatchdogTest,testNoTimeOut,Magic Number
ant,org.apache.tools.ant.taskdefs,ExecuteWatchdogTest,testTimeOut,Long Statement
ant,org.apache.tools.ant.taskdefs,ExecuteWatchdogTest,testTimeOut,Long Statement
ant,org.apache.tools.ant.taskdefs,ExecuteWatchdogTest,testTimeOut,Magic Number
ant,org.apache.tools.ant.taskdefs,ExecuteWatchdogTest,testTimeOut,Magic Number
ant,org.apache.tools.ant.taskdefs,ExecuteWatchdogTest,testTimeOut,Magic Number
ant,org.apache.tools.ant.taskdefs,ExecuteWatchdogTest,testManualStop,Magic Number
ant,org.apache.tools.ant.taskdefs,ExecuteWatchdogTest,testManualStop,Magic Number
ant,org.apache.tools.ant.taskdefs,FixCrLfTest,assertEqualContent,Long Statement
ant,org.apache.tools.ant.taskdefs,GetTest,testTwoHeadersAreAddedOK,Long Statement
ant,org.apache.tools.ant.taskdefs,GUnzipTest,testRealTest,Long Statement
ant,org.apache.tools.ant.taskdefs,GzipTest,testDateCheck,Long Statement
ant,org.apache.tools.ant.taskdefs,ImportTest,testSerial,Long Statement
ant,org.apache.tools.ant.taskdefs,ImportTest,testSymlinkedImports,Long Statement
ant,org.apache.tools.ant.taskdefs,ImportTest,testSymlinkedImports,Long Statement
ant,org.apache.tools.ant.taskdefs,ImportTest,testSymlinkedImports,Long Statement
ant,org.apache.tools.ant.taskdefs,InputTest,setUp,Long Statement
ant,org.apache.tools.ant.taskdefs,JarTest,testNoRecreate,Long Statement
ant,org.apache.tools.ant.taskdefs,JarTest,testNoRecreate,Magic Number
ant,org.apache.tools.ant.taskdefs,JarTest,testRecreate,Magic Number
ant,org.apache.tools.ant.taskdefs,JarTest,testRecreate,Magic Number
ant,org.apache.tools.ant.taskdefs,JarTest,testNoDuplicateIndex,Long Statement
ant,org.apache.tools.ant.taskdefs,JavacTest,testCompilerArg,Magic Number
ant,org.apache.tools.ant.taskdefs,JavacTest,testCompilerAttribute,Long Statement
ant,org.apache.tools.ant.taskdefs,JavacTest,testModulesourcepath,Magic Number
ant,org.apache.tools.ant.taskdefs,JavaTest,testModuleCommandLine,Long Statement
ant,org.apache.tools.ant.taskdefs,JavaTest,testModuleCommandLine,Magic Number
ant,org.apache.tools.ant.taskdefs,JavaTest,testModuleCommandLine,Magic Number
ant,org.apache.tools.ant.taskdefs,JavaTest,testModuleCommandLine,Magic Number
ant,org.apache.tools.ant.taskdefs,JavaTest,testModuleAndClassnameCommandLine,Long Statement
ant,org.apache.tools.ant.taskdefs,JavaTest,testModuleAndClassnameCommandLine,Magic Number
ant,org.apache.tools.ant.taskdefs,JavaTest,testModuleAndClassnameCommandLine,Magic Number
ant,org.apache.tools.ant.taskdefs,JavaTest,testModuleAndClassnameCommandLine,Magic Number
ant,org.apache.tools.ant.taskdefs,JavaTest,testSpawn,Long Statement
ant,org.apache.tools.ant.taskdefs,JavaTest,testSpawn,Magic Number
ant,org.apache.tools.ant.taskdefs,JavaTest,testReleasedInput,Empty catch clause
ant,org.apache.tools.ant.taskdefs,JavaTest,testReleasedInput,Magic Number
ant,org.apache.tools.ant.taskdefs,JavaTest,testReleasedInput,Magic Number
ant,org.apache.tools.ant.taskdefs,JavaTest,testFlushedInput,Magic Number
ant,org.apache.tools.ant.taskdefs,JavaTest,main,Magic Number
ant,org.apache.tools.ant.taskdefs,JavaTest,main,Magic Number
ant,org.apache.tools.ant.taskdefs,JavaTest,main,Empty catch clause
ant,org.apache.tools.ant.taskdefs,JavaTest,main,Magic Number
ant,org.apache.tools.ant.taskdefs,JavaTest,main,Magic Number
ant,org.apache.tools.ant.taskdefs,JavaTest,main,Magic Number
ant,org.apache.tools.ant.taskdefs,EntryPoint,main,Magic Number
ant,org.apache.tools.ant.taskdefs,EntryPoint,main,Magic Number
ant,org.apache.tools.ant.taskdefs,SpawnEntryPoint,main,Empty catch clause
ant,org.apache.tools.ant.taskdefs,SpawnEntryPoint,main,Magic Number
ant,org.apache.tools.ant.taskdefs,SpawnEntryPoint,main,Magic Number
ant,org.apache.tools.ant.taskdefs,SpawnEntryPoint,main,Magic Number
ant,org.apache.tools.ant.taskdefs,LoadFileTest,testStripJavaComments,Long Statement
ant,org.apache.tools.ant.taskdefs,MakeUrlTest,targets,Long Statement
ant,org.apache.tools.ant.taskdefs,MakeUrlTest,targets,Long Statement
ant,org.apache.tools.ant.taskdefs,InvalidArgumentTest,targets,Long Statement
ant,org.apache.tools.ant.taskdefs,ValidArgumentTest,targets,Long Statement
ant,org.apache.tools.ant.taskdefs,ManifestClassPathTest,testParentLevel1,Long Statement
ant,org.apache.tools.ant.taskdefs,ManifestClassPathTest,testParentLevel2,Long Statement
ant,org.apache.tools.ant.taskdefs,ManifestClassPathTest,testPseudoTahoeRefid,Long Statement
ant,org.apache.tools.ant.taskdefs,ManifestClassPathTest,testPseudoTahoeNested,Long Statement
ant,org.apache.tools.ant.taskdefs,ManifestClassPathTest,testParentLevel2WithJars,Long Statement
ant,org.apache.tools.ant.taskdefs,ManifestTest,test5,Long Statement
ant,org.apache.tools.ant.taskdefs,ManifestTest,test6,Long Statement
ant,org.apache.tools.ant.taskdefs,ParallelTest,countThreads,Complex Conditional
ant,org.apache.tools.ant.taskdefs,ParallelTest,countThreads,Long Statement
ant,org.apache.tools.ant.taskdefs,ParallelTest,countThreads,Missing default
ant,org.apache.tools.ant.taskdefs,ParallelTest,testSingleExit,Magic Number
ant,org.apache.tools.ant.taskdefs,ParallelTest,testExitAndOtherException,Magic Number
ant,org.apache.tools.ant.taskdefs,ProcessDestroyerTest,testProcessDestroyer,Long Statement
ant,org.apache.tools.ant.taskdefs,ProcessDestroyerTest,main,Magic Number
ant,org.apache.tools.ant.taskdefs,PropertyTest,testRuntime,Long Statement
ant,org.apache.tools.ant.taskdefs,PropertyTest,testRuntime,Long Statement
ant,org.apache.tools.ant.taskdefs,RecorderTest,testNoAppend,Long Statement
ant,org.apache.tools.ant.taskdefs,RecorderTest,testAppend,Long Statement
ant,org.apache.tools.ant.taskdefs,RecorderTest,testRestart,Long Statement
ant,org.apache.tools.ant.taskdefs,RecorderTest,testDeleteRestart,Long Statement
ant,org.apache.tools.ant.taskdefs,RecorderTest,testSubBuild,Long Statement
ant,org.apache.tools.ant.taskdefs,RecorderTest,testSubBuild,Long Statement
ant,org.apache.tools.ant.taskdefs,ReplaceTest,testNoPreserveLastModified,Long Statement
ant,org.apache.tools.ant.taskdefs,ReplaceTest,testNoPreserveLastModified,Magic Number
ant,org.apache.tools.ant.taskdefs,ReplaceTest,testPreserveLastModified,Long Statement
ant,org.apache.tools.ant.taskdefs,ReplaceTest,testPreserveLastModified,Magic Number
ant,org.apache.tools.ant.taskdefs,ReplaceTest,assertEqualContent,Long Statement
ant,org.apache.tools.ant.taskdefs,SleepTest,test3,Magic Number
ant,org.apache.tools.ant.taskdefs,SleepTest,test4,Magic Number
ant,org.apache.tools.ant.taskdefs,SleepTest,test4,Magic Number
ant,org.apache.tools.ant.taskdefs,SleepTest,test6,Magic Number
ant,org.apache.tools.ant.taskdefs,SQLExecTest,testNull,Magic Number
ant,org.apache.tools.ant.taskdefs,SQLExecTest,testOracle,Magic Number
ant,org.apache.tools.ant.taskdefs,SQLExecTest,testMySQL,Magic Number
ant,org.apache.tools.ant.taskdefs,SQLExecTest,getProperties,Missing default
ant,org.apache.tools.ant.taskdefs,SQLExecTest,testLastDelimiterPositionNormalModeStrict,Magic Number
ant,org.apache.tools.ant.taskdefs,SQLExecTest,testLastDelimiterPositionNormalModeNonStrict,Magic Number
ant,org.apache.tools.ant.taskdefs,StyleTest,testTransferParameterUnset,Long Statement
ant,org.apache.tools.ant.taskdefs,StyleTest,testTransferParameterUnsetWithIf,Long Statement
ant,org.apache.tools.ant.taskdefs,StyleTest,testWithStyleAttrAndResource,Long Statement
ant,org.apache.tools.ant.taskdefs,StyleTest,assertFileContains,Long Statement
ant,org.apache.tools.ant.taskdefs,SyncTest,testCaseSensitivityOfDest,Long Statement
ant,org.apache.tools.ant.taskdefs,TarTest,testGZipResource,Long Statement
ant,org.apache.tools.ant.taskdefs,TestProcess,run,Magic Number
ant,org.apache.tools.ant.taskdefs,TestProcess,run,Magic Number
ant,org.apache.tools.ant.taskdefs,TouchTest,testMillis,Magic Number
ant,org.apache.tools.ant.taskdefs,TouchTest,testNow,Magic Number
ant,org.apache.tools.ant.taskdefs,TouchTest,test2000,Magic Number
ant,org.apache.tools.ant.taskdefs,TouchTest,testFilelist,Magic Number
ant,org.apache.tools.ant.taskdefs,TouchTest,testFileset,Magic Number
ant,org.apache.tools.ant.taskdefs,TouchTest,testResourceCollection,Magic Number
ant,org.apache.tools.ant.taskdefs,TypeAdapterTest,getExecuteMethod,Long Statement
ant,org.apache.tools.ant.taskdefs,RunnableAdapter,getExecuteMethod,Long Statement
ant,org.apache.tools.ant.taskdefs,UntarTest,testLogoExtraction,Long Statement
ant,org.apache.tools.ant.taskdefs,UnzipTest,assertLogoUncorrupted,Long Statement
ant,org.apache.tools.ant.taskdefs,UnzipTest,testResourceCollections,Long Statement
ant,org.apache.tools.ant.taskdefs,UpToDateTest,setUp,Long Statement
ant,org.apache.tools.ant.taskdefs,UpToDateTest,setUp,Magic Number
ant,org.apache.tools.ant.taskdefs,XmlPropertyTest,doTest,Long Parameter List
ant,org.apache.tools.ant.taskdefs,XmlPropertyTest,ensureProperties,Long Parameter List
ant,org.apache.tools.ant.taskdefs,XmlPropertyTest,ensureProperties,Magic Number
ant,org.apache.tools.ant.taskdefs,XmlPropertyTest,ensureProperties,Magic Number
ant,org.apache.tools.ant.taskdefs,XmlPropertyTest,ensureReferences,Long Statement
ant,org.apache.tools.ant.taskdefs,XmlPropertyTest,getGoldfile,Long Parameter List
ant,org.apache.tools.ant.taskdefs,XmlPropertyTest,getGoldfile,Magic Number
ant,org.apache.tools.ant.taskdefs,ZipExtraFieldTest,testExtraField,Magic Number
ant,org.apache.tools.ant.taskdefs,ZipTest,tearDown,Empty catch clause
ant,org.apache.tools.ant.taskdefs,ZipTest,testFilesOnlyDoesntCauseRecreate,Long Statement
ant,org.apache.tools.ant.taskdefs,ZipTest,testFilesOnlyDoesntCauseRecreate,Magic Number
ant,org.apache.tools.ant.taskdefs,ZipTest,testTarFileSet,Long Statement
ant,org.apache.tools.ant.taskdefs,ZipTest,testTarFileSet,Magic Number
ant,org.apache.tools.ant.taskdefs,ZipTest,testRewriteZeroPermissions,Long Statement
ant,org.apache.tools.ant.taskdefs,ZipTest,testRewriteZeroPermissions,Magic Number
ant,org.apache.tools.ant.taskdefs,ZipTest,testAcceptZeroPermissions,Long Statement
ant,org.apache.tools.ant.taskdefs,ZipTest,testForBugzilla34764,Long Statement
ant,org.apache.tools.ant.taskdefs,ZipTest,testForBugzilla34764,Magic Number
ant,org.apache.tools.ant.taskdefs.compilers,CompilerAdapterFactory,getCompiler,Complex Conditional
ant,org.apache.tools.ant.taskdefs.compilers,CompilerAdapterFactory,getCompiler,Complex Conditional
ant,org.apache.tools.ant.taskdefs.compilers,CompilerAdapterFactory,getCompiler,Complex Method
ant,org.apache.tools.ant.taskdefs.compilers,CompilerAdapterFactory,getCompiler,Long Statement
ant,org.apache.tools.ant.taskdefs.compilers,CompilerAdapterFactory,getCompiler,Long Statement
ant,org.apache.tools.ant.taskdefs.compilers,CompilerAdapterFactory,getCompiler,Long Statement
ant,org.apache.tools.ant.taskdefs.compilers,CompilerAdapterFactory,doesModernCompilerExist,Empty catch clause
ant,org.apache.tools.ant.taskdefs.compilers,CompilerAdapterFactory,resolveClassName,Long Statement
ant,org.apache.tools.ant.taskdefs.compilers,DefaultCompilerAdapter,setJavac,Complex Conditional
ant,org.apache.tools.ant.taskdefs.compilers,DefaultCompilerAdapter,setupJavacCommandlineSwitches,Complex Method
ant,org.apache.tools.ant.taskdefs.compilers,DefaultCompilerAdapter,setupJavacCommandlineSwitches,Long Method
ant,org.apache.tools.ant.taskdefs.compilers,DefaultCompilerAdapter,setupModernJavacCommandlineSwitches,Complex Conditional
ant,org.apache.tools.ant.taskdefs.compilers,DefaultCompilerAdapter,setupModernJavacCommandlineSwitches,Complex Method
ant,org.apache.tools.ant.taskdefs.compilers,DefaultCompilerAdapter,logAndAddFilesToCompile,Long Statement
ant,org.apache.tools.ant.taskdefs.compilers,DefaultCompilerAdapter,assumeJava10Plus,Long Statement
ant,org.apache.tools.ant.taskdefs.compilers,DefaultCompilerAdapter,assumeJavaXY,Long Statement
ant,org.apache.tools.ant.taskdefs.compilers,DefaultCompilerAdapter,setImplicitSourceSwitch,Long Statement
ant,org.apache.tools.ant.taskdefs.compilers,DefaultCompilerAdapter,setImplicitSourceSwitch,Long Statement
ant,org.apache.tools.ant.taskdefs.compilers,DefaultCompilerAdapter,mustSetSourceForTarget,Long Statement
ant,org.apache.tools.ant.taskdefs.compilers,DefaultCompilerAdapter,mustSetSourceForTarget,Magic Number
ant,org.apache.tools.ant.taskdefs.compilers,Gcj,setupGCJCommand,Complex Conditional
ant,org.apache.tools.ant.taskdefs.compilers,Gcj,setupGCJCommand,Complex Method
ant,org.apache.tools.ant.taskdefs.compilers,Javac12,execute,Long Statement
ant,org.apache.tools.ant.taskdefs.compilers,Jikes,execute,Complex Method
ant,org.apache.tools.ant.taskdefs.compilers,Jvc,execute,Complex Method
ant,org.apache.tools.ant.taskdefs.compilers,Kjc,setupKjcCommand,Complex Method
ant,org.apache.tools.ant.taskdefs.compilers,DefaultCompilerAdapterTest,testSingleModuleCompilation,Magic Number
ant,org.apache.tools.ant.taskdefs.compilers,DefaultCompilerAdapterTest,testMultiModuleCompilation,Long Statement
ant,org.apache.tools.ant.taskdefs.compilers,DefaultCompilerAdapterTest,testMultiModuleCompilation,Magic Number
ant,org.apache.tools.ant.taskdefs.compilers,DefaultCompilerAdapterTest,testMultiModuleCompilationWithExcludes,Long Statement
ant,org.apache.tools.ant.taskdefs.compilers,DefaultCompilerAdapterTest,releaseIsIgnoredForJava8,Magic Number
ant,org.apache.tools.ant.taskdefs.compilers,DefaultCompilerAdapterTest,releaseIsIgnoredForJava8,Magic Number
ant,org.apache.tools.ant.taskdefs.compilers,DefaultCompilerAdapterTest,releaseIsIgnoredForJava8,Magic Number
ant,org.apache.tools.ant.taskdefs.compilers,DefaultCompilerAdapterTest,releaseIsIgnoredForJava8,Magic Number
ant,org.apache.tools.ant.taskdefs.compilers,DefaultCompilerAdapterTest,releaseIsIgnoredForJava8,Magic Number
ant,org.apache.tools.ant.taskdefs.compilers,DefaultCompilerAdapterTest,releaseIsIgnoredForJava8,Magic Number
ant,org.apache.tools.ant.taskdefs.compilers,DefaultCompilerAdapterTest,releaseIsUsedForJava9,Magic Number
ant,org.apache.tools.ant.taskdefs.compilers,DefaultCompilerAdapterTest,releaseIsUsedForJava9,Magic Number
ant,org.apache.tools.ant.taskdefs.compilers,DefaultCompilerAdapterTest,releaseIsUsedForJava9,Magic Number
ant,org.apache.tools.ant.taskdefs.compilers,DefaultCompilerAdapterTest,releaseIsUsedForJava9,Magic Number
ant,org.apache.tools.ant.taskdefs.compilers,DefaultCompilerAdapterTest,testSource,Long Parameter List
ant,org.apache.tools.ant.taskdefs.compilers,DefaultCompilerAdapterTest,testSource,Magic Number
ant,org.apache.tools.ant.taskdefs.compilers,DefaultCompilerAdapterTest,createWorkDir,Long Statement
ant,org.apache.tools.ant.taskdefs.compilers,DefaultCompilerAdapterTest,createWorkDir,Magic Number
ant,org.apache.tools.ant.taskdefs.compilers,JavacExternalTest,allJavacOptionsButJAreWrittenToFile,Magic Number
ant,org.apache.tools.ant.taskdefs.compilers,JavacExternalTest,allJOptionsAreMovedToBeginning,Magic Number
ant,org.apache.tools.ant.taskdefs.compilers,JavacExternalTest,allJOptionsAreMovedToBeginning,Magic Number
ant,org.apache.tools.ant.taskdefs.compilers,JavacExternalTest,allJOptionsAreMovedToBeginning,Magic Number
ant,org.apache.tools.ant.taskdefs.compilers,JavacExternalTest,allJOptionsAreMovedToBeginning,Magic Number
ant,org.apache.tools.ant.taskdefs.compilers,JavacExternalTest,argFileOptionIsMovedToBeginning,Magic Number
ant,org.apache.tools.ant.taskdefs.compilers,JavacExternalTest,argFileOptionIsMovedToBeginning,Magic Number
ant,org.apache.tools.ant.taskdefs.compilers,JavacExternalTest,argFileOptionIsMovedToBeginning,Magic Number
ant,org.apache.tools.ant.taskdefs.compilers,JavacExternalTest,createWorkDir,Long Statement
ant,org.apache.tools.ant.taskdefs.compilers,JavacExternalTest,createWorkDir,Magic Number
ant,org.apache.tools.ant.taskdefs.condition,Equals,setArg2Internal,Magic Number
ant,org.apache.tools.ant.taskdefs.condition,Equals,eval,Complex Conditional
ant,org.apache.tools.ant.taskdefs.condition,HasMethod,loadClass,Long Statement
ant,org.apache.tools.ant.taskdefs.condition,IsLastModified,eval,Long Statement
ant,org.apache.tools.ant.taskdefs.condition,IsSigned,isSigned,Long Statement
ant,org.apache.tools.ant.taskdefs.condition,Os,isOs,Complex Conditional
ant,org.apache.tools.ant.taskdefs.condition,Os,isOs,Complex Method
ant,org.apache.tools.ant.taskdefs.condition,Os,isOs,Long Statement
ant,org.apache.tools.ant.taskdefs.condition,Os,isOs,Missing default
ant,org.apache.tools.ant.taskdefs.condition,Xor,eval,Long Statement
ant,org.apache.tools.ant.taskdefs.cvslib,ChangeLogParser,stdout,Missing default
ant,org.apache.tools.ant.taskdefs.cvslib,ChangeLogParser,processFile,Magic Number
ant,org.apache.tools.ant.taskdefs.cvslib,ChangeLogParser,processRevision,Magic Number
ant,org.apache.tools.ant.taskdefs.cvslib,ChangeLogParser,saveEntry,Long Statement
ant,org.apache.tools.ant.taskdefs.cvslib,ChangeLogTask,setDaysinpast,Magic Number
ant,org.apache.tools.ant.taskdefs.cvslib,ChangeLogTask,setDaysinpast,Magic Number
ant,org.apache.tools.ant.taskdefs.cvslib,ChangeLogTask,setDaysinpast,Magic Number
ant,org.apache.tools.ant.taskdefs.cvslib,ChangeLogTask,setDaysinpast,Magic Number
ant,org.apache.tools.ant.taskdefs.cvslib,ChangeLogTask,execute,Complex Method
ant,org.apache.tools.ant.taskdefs.cvslib,ChangeLogTask,validate,Complex Conditional
ant,org.apache.tools.ant.taskdefs.cvslib,ChangeLogTask,writeChangeLog,Long Statement
ant,org.apache.tools.ant.taskdefs.cvslib,CvsTagDiff,parseRDiff,Long Statement
ant,org.apache.tools.ant.taskdefs.cvslib,CvsTagDiff,writeTagDiff,Long Statement
ant,org.apache.tools.ant.taskdefs.cvslib,CvsVersion,execute,Complex Conditional
ant,org.apache.tools.ant.taskdefs.cvslib,CvsVersion,execute,Complex Conditional
ant,org.apache.tools.ant.taskdefs.cvslib,CvsVersion,execute,Complex Method
ant,org.apache.tools.ant.taskdefs.cvslib,CvsVersion,execute,Magic Number
ant,org.apache.tools.ant.taskdefs.cvslib,ChangeLogParserTest,testOldCvsFormat,Magic Number
ant,org.apache.tools.ant.taskdefs.cvslib,ChangeLogParserTest,testOldCvsFormat,Magic Number
ant,org.apache.tools.ant.taskdefs.cvslib,ChangeLogParserTest,testOldCvsFormat,Magic Number
ant,org.apache.tools.ant.taskdefs.cvslib,ChangeLogParserTest,testOldCvsFormat,Magic Number
ant,org.apache.tools.ant.taskdefs.cvslib,ChangeLogParserTest,testOldCvsFormat,Magic Number
ant,org.apache.tools.ant.taskdefs.cvslib,ChangeLogParserTest,testCvs112Format,Magic Number
ant,org.apache.tools.ant.taskdefs.cvslib,ChangeLogParserTest,testCvs112Format,Magic Number
ant,org.apache.tools.ant.taskdefs.cvslib,ChangeLogParserTest,testCvs112Format,Magic Number
ant,org.apache.tools.ant.taskdefs.cvslib,ChangeLogParserTest,testCvs112Format,Magic Number
ant,org.apache.tools.ant.taskdefs.cvslib,ChangeLogParserTest,testCvs112Format,Magic Number
ant,org.apache.tools.ant.taskdefs.email,EmailAddress,EmailAddress,Complex Conditional
ant,org.apache.tools.ant.taskdefs.email,EmailAddress,EmailAddress,Complex Method
ant,org.apache.tools.ant.taskdefs.email,EmailAddress,EmailAddress,Long Statement
ant,org.apache.tools.ant.taskdefs.email,EmailAddress,EmailAddress,Magic Number
ant,org.apache.tools.ant.taskdefs.email,EmailAddress,EmailAddress,Magic Number
ant,org.apache.tools.ant.taskdefs.email,EmailAddress,trim,Complex Conditional
ant,org.apache.tools.ant.taskdefs.email,EmailAddress,trim,Complex Conditional
ant,org.apache.tools.ant.taskdefs.email,EmailAddress,trim,Long Statement
ant,org.apache.tools.ant.taskdefs.email,EmailAddress,trim,Long Statement
ant,org.apache.tools.ant.taskdefs.email,EmailAddress,trim,Magic Number
ant,org.apache.tools.ant.taskdefs.email,EmailTask,execute,Complex Conditional
ant,org.apache.tools.ant.taskdefs.email,EmailTask,execute,Complex Conditional
ant,org.apache.tools.ant.taskdefs.email,EmailTask,execute,Complex Conditional
ant,org.apache.tools.ant.taskdefs.email,EmailTask,execute,Complex Conditional
ant,org.apache.tools.ant.taskdefs.email,EmailTask,execute,Complex Conditional
ant,org.apache.tools.ant.taskdefs.email,EmailTask,execute,Complex Conditional
ant,org.apache.tools.ant.taskdefs.email,EmailTask,execute,Complex Method
ant,org.apache.tools.ant.taskdefs.email,EmailTask,execute,Long Method
ant,org.apache.tools.ant.taskdefs.email,EmailTask,execute,Long Statement
ant,org.apache.tools.ant.taskdefs.email,EmailTask,execute,Long Statement
ant,org.apache.tools.ant.taskdefs.email,Message,print,Long Statement
ant,org.apache.tools.ant.taskdefs.email,MimeMailer,getContentType,Complex Conditional
ant,org.apache.tools.ant.taskdefs.email,MimeMailer,send,Complex Method
ant,org.apache.tools.ant.taskdefs.email,MimeMailer,send,Long Method
ant,org.apache.tools.ant.taskdefs.email,StringDataSource,getContentType,Complex Conditional
ant,org.apache.tools.ant.taskdefs.email,PlainMailer,send,Complex Method
ant,org.apache.tools.ant.taskdefs.email,PlainMailer,attach,Long Statement
ant,org.apache.tools.ant.taskdefs.email,PlainMailer,attach,Magic Number
ant,org.apache.tools.ant.taskdefs.email,MessageTest,testPrintStreamDoesNotGetClosed,Magic Number
ant,org.apache.tools.ant.taskdefs.launcher,CommandLauncher,extractLauncher,Long Statement
ant,org.apache.tools.ant.taskdefs.launcher,OS2CommandLauncher,exec,Magic Number
ant,org.apache.tools.ant.taskdefs.launcher,OS2CommandLauncher,exec,Magic Number
ant,org.apache.tools.ant.taskdefs.launcher,OS2CommandLauncher,exec,Magic Number
ant,org.apache.tools.ant.taskdefs.launcher,OS2CommandLauncher,exec,Magic Number
ant,org.apache.tools.ant.taskdefs.launcher,OS2CommandLauncher,exec,Magic Number
ant,org.apache.tools.ant.taskdefs.launcher,OS2CommandLauncher,exec,Magic Number
ant,org.apache.tools.ant.taskdefs.launcher,OS2CommandLauncher,exec,Magic Number
ant,org.apache.tools.ant.taskdefs.launcher,OS2CommandLauncher,exec,Magic Number
ant,org.apache.tools.ant.taskdefs.launcher,PerlScriptCommandLauncher,exec,Magic Number
ant,org.apache.tools.ant.taskdefs.launcher,PerlScriptCommandLauncher,exec,Magic Number
ant,org.apache.tools.ant.taskdefs.launcher,PerlScriptCommandLauncher,exec,Magic Number
ant,org.apache.tools.ant.taskdefs.launcher,ScriptCommandLauncher,exec,Magic Number
ant,org.apache.tools.ant.taskdefs.launcher,ScriptCommandLauncher,exec,Magic Number
ant,org.apache.tools.ant.taskdefs.launcher,VmsCommandLauncher,deleteAfter,Empty catch clause
ant,org.apache.tools.ant.taskdefs.launcher,WinNTCommandLauncher,exec,Magic Number
ant,org.apache.tools.ant.taskdefs.launcher,WinNTCommandLauncher,exec,Magic Number
ant,org.apache.tools.ant.taskdefs.launcher,WinNTCommandLauncher,exec,Magic Number
ant,org.apache.tools.ant.taskdefs.launcher,WinNTCommandLauncher,exec,Magic Number
ant,org.apache.tools.ant.taskdefs.launcher,WinNTCommandLauncher,exec,Magic Number
ant,org.apache.tools.ant.taskdefs.modules,Jmod,checkDirPaths,Complex Method
ant,org.apache.tools.ant.taskdefs.modules,Jmod,execute,Complex Conditional
ant,org.apache.tools.ant.taskdefs.modules,Jmod,execute,Complex Method
ant,org.apache.tools.ant.taskdefs.modules,Jmod,execute,Long Statement
ant,org.apache.tools.ant.taskdefs.modules,Jmod,execute,Long Statement
ant,org.apache.tools.ant.taskdefs.modules,Jmod,execute,Long Statement
ant,org.apache.tools.ant.taskdefs.modules,Jmod,execute,Long Statement
ant,org.apache.tools.ant.taskdefs.modules,Jmod,execute,Long Statement
ant,org.apache.tools.ant.taskdefs.modules,Jmod,buildJmodArgs,Complex Method
ant,org.apache.tools.ant.taskdefs.modules,Link,validate,Complex Conditional
ant,org.apache.tools.ant.taskdefs.modules,Link,validate,Long Statement
ant,org.apache.tools.ant.taskdefs.modules,Link,validate,Complex Conditional
ant,org.apache.tools.ant.taskdefs.modules,Link,validate,Complex Conditional
ant,org.apache.tools.ant.taskdefs.modules,Link,validate,Long Statement
ant,org.apache.tools.ant.taskdefs.modules,Link,validate,Long Statement
ant,org.apache.tools.ant.taskdefs.modules,Link,execute,Complex Method
ant,org.apache.tools.ant.taskdefs.modules,Link,execute,Long Statement
ant,org.apache.tools.ant.taskdefs.modules,Link,execute,Long Statement
ant,org.apache.tools.ant.taskdefs.modules,Link,execute,Long Statement
ant,org.apache.tools.ant.taskdefs.modules,Link,deleteTree,Long Statement
ant,org.apache.tools.ant.taskdefs.modules,Link,buildJlinkArgs,Complex Method
ant,org.apache.tools.ant.taskdefs.modules,Link,buildJlinkArgs,Long Statement
ant,org.apache.tools.ant.taskdefs.modules,Link,buildJlinkArgs,Long Statement
ant,org.apache.tools.ant.taskdefs.modules,Link,buildJlinkArgs,Long Statement
ant,org.apache.tools.ant.taskdefs.modules,Link,buildJlinkArgs,Long Statement
ant,org.apache.tools.ant.taskdefs.modules,PatternListEntry,validate,Complex Conditional
ant,org.apache.tools.ant.taskdefs.modules,PatternListEntry,validate,Long Statement
ant,org.apache.tools.ant.taskdefs.modules,ReleaseInfoEntry,validate,Complex Conditional
ant,org.apache.tools.ant.taskdefs.modules,ReleaseInfoEntry,validate,Complex Conditional
ant,org.apache.tools.ant.taskdefs.modules,ReleaseInfoEntry,validate,Long Statement
ant,org.apache.tools.ant.taskdefs.modules,ReleaseInfoEntry,validate,Long Statement
ant,org.apache.tools.ant.taskdefs.modules,JmodTest,testDestAndClasspathOlderThanJmod,Long Statement
ant,org.apache.tools.ant.taskdefs.modules,JmodTest,testDestAndClasspathOlderThanJmod,Magic Number
ant,org.apache.tools.ant.taskdefs.modules,JmodTest,testCommandPathAttributeAndChildElement,Long Statement
ant,org.apache.tools.ant.taskdefs.modules,JmodTest,testHeaderPathAttributeAndChildElement,Long Statement
ant,org.apache.tools.ant.taskdefs.modules,JmodTest,testConfigPath,Long Statement
ant,org.apache.tools.ant.taskdefs.modules,JmodTest,testConfigPathref,Long Statement
ant,org.apache.tools.ant.taskdefs.modules,JmodTest,testConfigPathNested,Long Statement
ant,org.apache.tools.ant.taskdefs.modules,JmodTest,testConfigPathAttributeAndChildElement,Long Statement
ant,org.apache.tools.ant.taskdefs.modules,JmodTest,testLegalPathAttributeAndChildElement,Long Statement
ant,org.apache.tools.ant.taskdefs.modules,JmodTest,testManPathAttributeAndChildElement,Long Statement
ant,org.apache.tools.ant.taskdefs.modules,JmodTest,testNativeLibPath,Long Statement
ant,org.apache.tools.ant.taskdefs.modules,JmodTest,testNativeLibPathref,Long Statement
ant,org.apache.tools.ant.taskdefs.modules,JmodTest,testNativeLibPathNested,Long Statement
ant,org.apache.tools.ant.taskdefs.modules,JmodTest,testNativeLibPathAttributeAndChildElement,Long Statement
ant,org.apache.tools.ant.taskdefs.modules,LinkTest,testImageNotRecreatedFromStaleJmods,Long Statement
ant,org.apache.tools.ant.taskdefs.modules,LinkTest,testImageNotRecreatedFromStaleJmods,Magic Number
ant,org.apache.tools.ant.taskdefs.modules,LinkTest,verifyLocales,Long Statement
ant,org.apache.tools.ant.taskdefs.modules,LinkTest,testExcludeResources,Long Statement
ant,org.apache.tools.ant.taskdefs.modules,LinkTest,testExcludeResources,Long Statement
ant,org.apache.tools.ant.taskdefs.modules,LinkTest,testNestedExcludeResources,Long Statement
ant,org.apache.tools.ant.taskdefs.modules,LinkTest,testNestedExcludeResources,Long Statement
ant,org.apache.tools.ant.taskdefs.modules,LinkTest,testNestedExcludeResourcesFile,Long Statement
ant,org.apache.tools.ant.taskdefs.modules,LinkTest,testNestedExcludeResourcesFile,Long Statement
ant,org.apache.tools.ant.taskdefs.modules,LinkTest,testExcludeResourcesAttributeAndNested,Long Statement
ant,org.apache.tools.ant.taskdefs.modules,LinkTest,testExcludeResourcesAttributeAndNested,Long Statement
ant,org.apache.tools.ant.taskdefs.modules,LinkTest,testReleaseInfoFile,Long Statement
ant,org.apache.tools.ant.taskdefs.modules,LinkTest,testReleaseInfoDelete,Long Statement
ant,org.apache.tools.ant.taskdefs.modules,LinkTest,testReleaseInfoNestedDelete,Long Statement
ant,org.apache.tools.ant.taskdefs.modules,LinkTest,testReleaseInfoDeleteAttributeAndNested,Long Statement
ant,org.apache.tools.ant.taskdefs.modules,LinkTest,testReleaseInfoAddFile,Long Statement
ant,org.apache.tools.ant.taskdefs.modules,LinkTest,testReleaseInfoAddFileWithCharset,Long Statement
ant,org.apache.tools.ant.taskdefs.modules,LinkTest,testReleaseInfoAddKeyAndValue,Long Statement
ant,org.apache.tools.ant.taskdefs.modules,LinkTest,testDebugStripping,Long Statement
ant,org.apache.tools.ant.taskdefs.modules,LinkTest,testDebugStripping,Long Statement
ant,org.apache.tools.ant.taskdefs.modules,LinkTest,testDeduplicationOfLicenses,Long Statement
ant,org.apache.tools.ant.taskdefs.modules,LinkTest,testDeduplicationOfLicenses,Long Statement
ant,org.apache.tools.ant.taskdefs.modules,LinkTest,testDeduplicationOfLicenses,Long Statement
ant,org.apache.tools.ant.taskdefs.modules,LinkTest,testBindingOfServices,Magic Number
ant,org.apache.tools.ant.taskdefs.modules,LinkTest,runJlink,Long Statement
ant,org.apache.tools.ant.taskdefs.optional,ANTLR,populateAttributes,Complex Method
ant,org.apache.tools.ant.taskdefs.optional,ANTLR,run,Long Statement
ant,org.apache.tools.ant.taskdefs.optional,Cab,isUpToDate,Long Statement
ant,org.apache.tools.ant.taskdefs.optional,Cab,execute,Complex Method
ant,org.apache.tools.ant.taskdefs.optional,Cab,execute,Long Statement
ant,org.apache.tools.ant.taskdefs.optional,EchoProperties,execute,Complex Method
ant,org.apache.tools.ant.taskdefs.optional,EchoProperties,saveProperties,Long Statement
ant,org.apache.tools.ant.taskdefs.optional,EchoProperties,saveProperties,Long Statement
ant,org.apache.tools.ant.taskdefs.optional,EchoProperties,saveProperties,Magic Number
ant,org.apache.tools.ant.taskdefs.optional,EchoProperties,keys,Long Statement
ant,org.apache.tools.ant.taskdefs.optional,EchoProperties,entrySet,Long Statement
ant,org.apache.tools.ant.taskdefs.optional,EchoProperties,sortProperties,Long Statement
ant,org.apache.tools.ant.taskdefs.optional,Javah,getClasses,Long Statement
ant,org.apache.tools.ant.taskdefs.optional,Javah,execute,Complex Method
ant,org.apache.tools.ant.taskdefs.optional,Javah,execute,Long Statement
ant,org.apache.tools.ant.taskdefs.optional,Javah,execute,Long Statement
ant,org.apache.tools.ant.taskdefs.optional,Native2Ascii,execute,Complex Conditional
ant,org.apache.tools.ant.taskdefs.optional,Native2Ascii,execute,Complex Method
ant,org.apache.tools.ant.taskdefs.optional,Native2Ascii,convert,Complex Conditional
ant,org.apache.tools.ant.taskdefs.optional,Native2Ascii,convert,Long Statement
ant,org.apache.tools.ant.taskdefs.optional,NetRexxC,setSuppressPrivatePropertyNotUsed,Long Identifier
ant,org.apache.tools.ant.taskdefs.optional,NetRexxC,init,Complex Method
ant,org.apache.tools.ant.taskdefs.optional,NetRexxC,init,Long Identifier
ant,org.apache.tools.ant.taskdefs.optional,NetRexxC,execute,Complex Conditional
ant,org.apache.tools.ant.taskdefs.optional,NetRexxC,scanDir,Long Statement
ant,org.apache.tools.ant.taskdefs.optional,NetRexxC,copyFilesToDestination,Long Statement
ant,org.apache.tools.ant.taskdefs.optional,NetRexxC,doNetRexxCompile,Complex Method
ant,org.apache.tools.ant.taskdefs.optional,NetRexxC,doNetRexxCompile,Long Identifier
ant,org.apache.tools.ant.taskdefs.optional,PropertyFile,executeDate,Empty catch clause
ant,org.apache.tools.ant.taskdefs.optional,PropertyFile,executeInteger,Empty catch clause
ant,org.apache.tools.ant.taskdefs.optional,PropertyFile,executeInteger,Empty catch clause
ant,org.apache.tools.ant.taskdefs.optional,PropertyFile,checkParameters,Complex Conditional
ant,org.apache.tools.ant.taskdefs.optional,PropertyFile,getCurrentValue,Complex Conditional
ant,org.apache.tools.ant.taskdefs.optional,PropertyFile,getCurrentValue,Complex Conditional
ant,org.apache.tools.ant.taskdefs.optional,PropertyFile,getCurrentValue,Complex Conditional
ant,org.apache.tools.ant.taskdefs.optional,PropertyFile,getCurrentValue,Complex Conditional
ant,org.apache.tools.ant.taskdefs.optional,Entry,executeDate,Empty catch clause
ant,org.apache.tools.ant.taskdefs.optional,Entry,executeInteger,Empty catch clause
ant,org.apache.tools.ant.taskdefs.optional,Entry,executeInteger,Empty catch clause
ant,org.apache.tools.ant.taskdefs.optional,Entry,checkParameters,Complex Conditional
ant,org.apache.tools.ant.taskdefs.optional,Entry,getCurrentValue,Complex Conditional
ant,org.apache.tools.ant.taskdefs.optional,Entry,getCurrentValue,Complex Conditional
ant,org.apache.tools.ant.taskdefs.optional,Entry,getCurrentValue,Complex Conditional
ant,org.apache.tools.ant.taskdefs.optional,Entry,getCurrentValue,Complex Conditional
ant,org.apache.tools.ant.taskdefs.optional,RenameExtensions,execute,Complex Conditional
ant,org.apache.tools.ant.taskdefs.optional,ReplaceRegExp,doReplace,Complex Method
ant,org.apache.tools.ant.taskdefs.optional,ReplaceRegExp,doReplace,Long Statement
ant,org.apache.tools.ant.taskdefs.optional,ReplaceRegExp,execute,Complex Method
ant,org.apache.tools.ant.taskdefs.optional,Rpm,execute,Complex Method
ant,org.apache.tools.ant.taskdefs.optional,SchemaValidate,addSchemaLocations,Long Statement
ant,org.apache.tools.ant.taskdefs.optional,SchemaValidate,equals,Long Statement
ant,org.apache.tools.ant.taskdefs.optional,SchemaValidate,hashCode,Magic Number
ant,org.apache.tools.ant.taskdefs.optional,SchemaValidate,hashCode,Magic Number
ant,org.apache.tools.ant.taskdefs.optional,SchemaValidate,toString,Long Statement
ant,org.apache.tools.ant.taskdefs.optional,SchemaLocation,equals,Long Statement
ant,org.apache.tools.ant.taskdefs.optional,SchemaLocation,hashCode,Magic Number
ant,org.apache.tools.ant.taskdefs.optional,SchemaLocation,hashCode,Magic Number
ant,org.apache.tools.ant.taskdefs.optional,SchemaLocation,toString,Long Statement
ant,org.apache.tools.ant.taskdefs.optional,TraXLiaison,transform,Long Statement
ant,org.apache.tools.ant.taskdefs.optional,TraXLiaison,createTransformer,Complex Method
ant,org.apache.tools.ant.taskdefs.optional,TraXLiaison,createTransformer,Long Statement
ant,org.apache.tools.ant.taskdefs.optional,TraXLiaison,getFactory,Complex Method
ant,org.apache.tools.ant.taskdefs.optional,TraXLiaison,getFactory,Long Statement
ant,org.apache.tools.ant.taskdefs.optional,TraXLiaison,logError,Complex Method
ant,org.apache.tools.ant.taskdefs.optional,TraXLiaison,configure,Long Statement
ant,org.apache.tools.ant.taskdefs.optional,XMLValidateTask,execute,Complex Conditional
ant,org.apache.tools.ant.taskdefs.optional,XMLValidateTask,createXmlReader,Long Statement
ant,org.apache.tools.ant.taskdefs.optional,XMLValidateTask,setFeature,Long Statement
ant,org.apache.tools.ant.taskdefs.optional,XMLValidateTask,setFeature,Long Statement
ant,org.apache.tools.ant.taskdefs.optional,XMLValidateTask,setProperty,Long Statement
ant,org.apache.tools.ant.taskdefs.optional,XMLValidateTask,setProperty,Long Statement
ant,org.apache.tools.ant.taskdefs.optional,XMLValidateTask,getMessage,Empty catch clause
ant,org.apache.tools.ant.taskdefs.optional,ValidatorErrorHandler,getMessage,Empty catch clause
ant,org.apache.tools.ant.taskdefs.optional,ANTLRTest,testNormalRecompile,Magic Number
ant,org.apache.tools.ant.taskdefs.optional,ANTLRTest,testSupergrammarChangeRecompile,Magic Number
ant,org.apache.tools.ant.taskdefs.optional,EchoPropertiesTest,testEchoToGoodFileXml,Long Statement
ant,org.apache.tools.ant.taskdefs.optional,EchoPropertiesTest,testWithRegex,Long Statement
ant,org.apache.tools.ant.taskdefs.optional,JspcTest,assertMapped,Long Statement
ant,org.apache.tools.ant.taskdefs.optional,PropertyFileTest,setUp,Long Identifier
ant,org.apache.tools.ant.taskdefs.optional,PropertyFileTest,testDirect,Long Statement
ant,org.apache.tools.ant.taskdefs.optional,PropertyFileTest,testDirect,Magic Number
ant,org.apache.tools.ant.taskdefs.optional,ReplaceRegExpTest,testReplace,Long Statement
ant,org.apache.tools.ant.taskdefs.optional,ReplaceRegExpTest,testDontAddNewline1,Long Statement
ant,org.apache.tools.ant.taskdefs.optional,ReplaceRegExpTest,testDontAddNewline2,Long Statement
ant,org.apache.tools.ant.taskdefs.optional,ReplaceRegExpTest,testNoPreserveLastModified,Long Statement
ant,org.apache.tools.ant.taskdefs.optional,ReplaceRegExpTest,testNoPreserveLastModified,Magic Number
ant,org.apache.tools.ant.taskdefs.optional,ReplaceRegExpTest,testPreserveLastModified,Long Statement
ant,org.apache.tools.ant.taskdefs.optional,ReplaceRegExpTest,testPreserveLastModified,Magic Number
ant,org.apache.tools.ant.taskdefs.optional,RpmTest,getExecute,Magic Number
ant,org.apache.tools.ant.taskdefs.optional,RpmTest,execute,Magic Number
ant,org.apache.tools.ant.taskdefs.optional,MyRpm,getExecute,Magic Number
ant,org.apache.tools.ant.taskdefs.optional,MyRpm,execute,Magic Number
ant,org.apache.tools.ant.taskdefs.optional,TraXLiaisonTest,testXalan2RedirectViaXalan,Long Statement
ant,org.apache.tools.ant.taskdefs.optional,TraXLiaisonTest,testMultipleTransform,Magic Number
ant,org.apache.tools.ant.taskdefs.optional.ccm,CCMCheck,execute,Complex Conditional
ant,org.apache.tools.ant.taskdefs.optional.clearcase,CCCheckout,checkOptions,Complex Method
ant,org.apache.tools.ant.taskdefs.optional.clearcase,CCMkattr,checkOptions,Complex Method
ant,org.apache.tools.ant.taskdefs.optional.clearcase,CCMkelem,checkOptions,Complex Method
ant,org.apache.tools.ant.taskdefs.optional.clearcase,CCMklbtype,checkOptions,Complex Method
ant,org.apache.tools.ant.taskdefs.optional.depend,AntAnalyzer,determineDependencies,Empty catch clause
ant,org.apache.tools.ant.taskdefs.optional.depend,AntAnalyzer,determineDependencies,Empty catch clause
ant,org.apache.tools.ant.taskdefs.optional.depend,AntAnalyzer,determineDependencies,Long Statement
ant,org.apache.tools.ant.taskdefs.optional.depend,Depend,determineDependencies,Complex Method
ant,org.apache.tools.ant.taskdefs.optional.depend,Depend,determineDependencies,Long Method
ant,org.apache.tools.ant.taskdefs.optional.depend,Depend,deleteAffectedFiles,Complex Method
ant,org.apache.tools.ant.taskdefs.optional.depend,Depend,deleteAffectedFiles,Long Statement
ant,org.apache.tools.ant.taskdefs.optional.depend,Depend,deleteAffectedFiles,Long Statement
ant,org.apache.tools.ant.taskdefs.optional.depend,Depend,warnOutOfDateButNotDeleted,Long Statement
ant,org.apache.tools.ant.taskdefs.optional.depend,Depend,isRmiStub,Long Statement
ant,org.apache.tools.ant.taskdefs.optional.depend,Depend,dumpDependencies,Long Statement
ant,org.apache.tools.ant.taskdefs.optional.depend,Depend,execute,Complex Conditional
ant,org.apache.tools.ant.taskdefs.optional.depend,Depend,execute,Complex Method
ant,org.apache.tools.ant.taskdefs.optional.depend,Depend,findSourceFile,Long Statement
ant,org.apache.tools.ant.taskdefs.optional.depend,Depend,directories,Long Statement
ant,org.apache.tools.ant.taskdefs.optional.depend,DependTest,testDirect,Magic Number
ant,org.apache.tools.ant.taskdefs.optional.depend,DependTest,testDirect,Magic Number
ant,org.apache.tools.ant.taskdefs.optional.depend,DependTest,testDirect,Magic Number
ant,org.apache.tools.ant.taskdefs.optional.depend,DependTest,testClosure,Magic Number
ant,org.apache.tools.ant.taskdefs.optional.depend,DependTest,testClosure,Magic Number
ant,org.apache.tools.ant.taskdefs.optional.depend,DependTest,testClosure,Magic Number
ant,org.apache.tools.ant.taskdefs.optional.depend,DependTest,testInner,Magic Number
ant,org.apache.tools.ant.taskdefs.optional.depend,DependTest,testInner,Magic Number
ant,org.apache.tools.ant.taskdefs.optional.depend,DependTest,testInnerInner,Magic Number
ant,org.apache.tools.ant.taskdefs.optional.depend,DependTest,testInnerInner,Magic Number
ant,org.apache.tools.ant.taskdefs.optional.depend,DependTest,getResultFiles,Long Statement
ant,org.apache.tools.ant.taskdefs.optional.depend,DependTest,testInnerClosure,Magic Number
ant,org.apache.tools.ant.taskdefs.optional.depend,DependTest,testNonPublic,Long Statement
ant,org.apache.tools.ant.taskdefs.optional.depend,DependTest,testNonPublic,Magic Number
ant,org.apache.tools.ant.taskdefs.optional.depend,DependTest,testNonPublic,Magic Number
ant,org.apache.tools.ant.taskdefs.optional.depend.constantpool,ConstantPool,getMethodRefEntry,Complex Conditional
ant,org.apache.tools.ant.taskdefs.optional.depend.constantpool,ConstantPool,getMethodRefEntry,Long Statement
ant,org.apache.tools.ant.taskdefs.optional.depend.constantpool,ConstantPool,getInterfaceMethodRefEntry,Complex Conditional
ant,org.apache.tools.ant.taskdefs.optional.depend.constantpool,ConstantPool,getInterfaceMethodRefEntry,Long Statement
ant,org.apache.tools.ant.taskdefs.optional.depend.constantpool,ConstantPool,getFieldRefEntry,Complex Conditional
ant,org.apache.tools.ant.taskdefs.optional.depend.constantpool,ConstantPool,getFieldRefEntry,Long Statement
ant,org.apache.tools.ant.taskdefs.optional.depend.constantpool,ConstantPool,toString,Long Statement
ant,org.apache.tools.ant.taskdefs.optional.depend.constantpool,ConstantPoolEntry,readEntry,Complex Method
ant,org.apache.tools.ant.taskdefs.optional.depend.constantpool,ConstantPoolEntry,readEntry,Missing default
ant,org.apache.tools.ant.taskdefs.optional.depend.constantpool,DoubleCPInfo,DoubleCPInfo,Magic Number
ant,org.apache.tools.ant.taskdefs.optional.depend.constantpool,InterfaceMethodRefCPInfo,toString,Long Statement
ant,org.apache.tools.ant.taskdefs.optional.depend.constantpool,LongCPInfo,LongCPInfo,Magic Number
ant,org.apache.tools.ant.taskdefs.optional.ejb,BorlandDeploymentTool,addVendorFiles,Long Statement
ant,org.apache.tools.ant.taskdefs.optional.ejb,BorlandDeploymentTool,generateClient,Long Statement
ant,org.apache.tools.ant.taskdefs.optional.ejb,DescriptorHandler,registerDTD,Complex Method
ant,org.apache.tools.ant.taskdefs.optional.ejb,DescriptorHandler,registerDTD,Empty catch clause
ant,org.apache.tools.ant.taskdefs.optional.ejb,DescriptorHandler,resolveEntity,Empty catch clause
ant,org.apache.tools.ant.taskdefs.optional.ejb,DescriptorHandler,resolveEntity,Empty catch clause
ant,org.apache.tools.ant.taskdefs.optional.ejb,DescriptorHandler,resolveEntity,Long Statement
ant,org.apache.tools.ant.taskdefs.optional.ejb,DescriptorHandler,processElement,Complex Conditional
ant,org.apache.tools.ant.taskdefs.optional.ejb,DescriptorHandler,processElement,Complex Conditional
ant,org.apache.tools.ant.taskdefs.optional.ejb,DescriptorHandler,processElement,Long Statement
ant,org.apache.tools.ant.taskdefs.optional.ejb,EjbJar,createWeblogictoplink,Long Statement
ant,org.apache.tools.ant.taskdefs.optional.ejb,EjbJar,setBasejarname,Long Statement
ant,org.apache.tools.ant.taskdefs.optional.ejb,EjbJar,setNaming,Long Statement
ant,org.apache.tools.ant.taskdefs.optional.ejb,GenericDeploymentTool,createAnalyzer,Long Statement
ant,org.apache.tools.ant.taskdefs.optional.ejb,GenericDeploymentTool,createAnalyzer,Long Statement
ant,org.apache.tools.ant.taskdefs.optional.ejb,GenericDeploymentTool,createAnalyzer,Missing default
ant,org.apache.tools.ant.taskdefs.optional.ejb,GenericDeploymentTool,addFileToJar,Long Statement
ant,org.apache.tools.ant.taskdefs.optional.ejb,GenericDeploymentTool,addFileToJar,Magic Number
ant,org.apache.tools.ant.taskdefs.optional.ejb,GenericDeploymentTool,processDescriptor,Long Statement
ant,org.apache.tools.ant.taskdefs.optional.ejb,GenericDeploymentTool,processDescriptor,Long Statement
ant,org.apache.tools.ant.taskdefs.optional.ejb,GenericDeploymentTool,getJarBaseName,Complex Method
ant,org.apache.tools.ant.taskdefs.optional.ejb,GenericDeploymentTool,getVendorDDPrefix,Complex Conditional
ant,org.apache.tools.ant.taskdefs.optional.ejb,GenericDeploymentTool,getVendorDDPrefix,Long Statement
ant,org.apache.tools.ant.taskdefs.optional.ejb,GenericDeploymentTool,writeJar,Complex Method
ant,org.apache.tools.ant.taskdefs.optional.ejb,GenericDeploymentTool,validateConfigured,Long Statement
ant,org.apache.tools.ant.taskdefs.optional.ejb,IPlanetDeploymentTool,setGenericJarSuffix,Long Statement
ant,org.apache.tools.ant.taskdefs.optional.ejb,IPlanetDeploymentTool,processDescriptor,Long Statement
ant,org.apache.tools.ant.taskdefs.optional.ejb,IPlanetDeploymentTool,checkConfiguration,Long Statement
ant,org.apache.tools.ant.taskdefs.optional.ejb,IPlanetDeploymentTool,checkConfiguration,Long Statement
ant,org.apache.tools.ant.taskdefs.optional.ejb,IPlanetDeploymentTool,parseEjbFiles,Long Statement
ant,org.apache.tools.ant.taskdefs.optional.ejb,IPlanetEjbc,IPlanetEjbc,Long Parameter List
ant,org.apache.tools.ant.taskdefs.optional.ejb,IPlanetEjbc,main,Complex Method
ant,org.apache.tools.ant.taskdefs.optional.ejb,IPlanetEjbc,main,Magic Number
ant,org.apache.tools.ant.taskdefs.optional.ejb,IPlanetEjbc,main,Magic Number
ant,org.apache.tools.ant.taskdefs.optional.ejb,IPlanetEjbc,callEjbc,Empty catch clause
ant,org.apache.tools.ant.taskdefs.optional.ejb,IPlanetEjbc,checkConfiguration,Complex Method
ant,org.apache.tools.ant.taskdefs.optional.ejb,IPlanetEjbc,buildArgumentList,Complex Method
ant,org.apache.tools.ant.taskdefs.optional.ejb,IPlanetEjbc,EjbcHandler,Long Identifier
ant,org.apache.tools.ant.taskdefs.optional.ejb,IPlanetEjbc,resolveEntity,Empty catch clause
ant,org.apache.tools.ant.taskdefs.optional.ejb,IPlanetEjbc,stdCharacters,Complex Method
ant,org.apache.tools.ant.taskdefs.optional.ejb,IPlanetEjbc,checkConfiguration,Complex Conditional
ant,org.apache.tools.ant.taskdefs.optional.ejb,IPlanetEjbc,checkConfiguration,Complex Method
ant,org.apache.tools.ant.taskdefs.optional.ejb,IPlanetEjbc,checkConfiguration,Long Statement
ant,org.apache.tools.ant.taskdefs.optional.ejb,IPlanetEjbc,checkConfiguration,Long Statement
ant,org.apache.tools.ant.taskdefs.optional.ejb,IPlanetEjbc,checkConfiguration,Long Statement
ant,org.apache.tools.ant.taskdefs.optional.ejb,IPlanetEjbc,toString,Long Statement
ant,org.apache.tools.ant.taskdefs.optional.ejb,EjbcHandler,EjbcHandler,Long Identifier
ant,org.apache.tools.ant.taskdefs.optional.ejb,EjbcHandler,resolveEntity,Empty catch clause
ant,org.apache.tools.ant.taskdefs.optional.ejb,EjbcHandler,stdCharacters,Complex Method
ant,org.apache.tools.ant.taskdefs.optional.ejb,EjbInfo,checkConfiguration,Complex Conditional
ant,org.apache.tools.ant.taskdefs.optional.ejb,EjbInfo,checkConfiguration,Complex Method
ant,org.apache.tools.ant.taskdefs.optional.ejb,EjbInfo,checkConfiguration,Long Statement
ant,org.apache.tools.ant.taskdefs.optional.ejb,EjbInfo,checkConfiguration,Long Statement
ant,org.apache.tools.ant.taskdefs.optional.ejb,EjbInfo,checkConfiguration,Long Statement
ant,org.apache.tools.ant.taskdefs.optional.ejb,EjbInfo,toString,Long Statement
ant,org.apache.tools.ant.taskdefs.optional.ejb,IPlanetEjbcTask,checkConfiguration,Complex Method
ant,org.apache.tools.ant.taskdefs.optional.ejb,IPlanetEjbcTask,executeEjbc,Long Statement
ant,org.apache.tools.ant.taskdefs.optional.ejb,IPlanetEjbcTask,executeEjbc,Long Statement
ant,org.apache.tools.ant.taskdefs.optional.ejb,IPlanetEjbcTask,executeEjbc,Long Statement
ant,org.apache.tools.ant.taskdefs.optional.ejb,JonasDeploymentTool,addVendorFiles,Long Statement
ant,org.apache.tools.ant.taskdefs.optional.ejb,JonasDeploymentTool,registerKnownDTDs,Long Statement
ant,org.apache.tools.ant.taskdefs.optional.ejb,JonasDeploymentTool,registerKnownDTDs,Long Statement
ant,org.apache.tools.ant.taskdefs.optional.ejb,JonasDeploymentTool,addGenICGeneratedFiles,Complex Method
ant,org.apache.tools.ant.taskdefs.optional.ejb,JonasDeploymentTool,addGenICGeneratedFiles,Long Statement
ant,org.apache.tools.ant.taskdefs.optional.ejb,WeblogicDeploymentTool,registerKnownDTDs,Long Identifier
ant,org.apache.tools.ant.taskdefs.optional.ejb,WeblogicDeploymentTool,addVendorFiles,Long Statement
ant,org.apache.tools.ant.taskdefs.optional.ejb,WeblogicDeploymentTool,addVendorFiles,Long Statement
ant,org.apache.tools.ant.taskdefs.optional.ejb,WeblogicDeploymentTool,buildWeblogicJar,Complex Conditional
ant,org.apache.tools.ant.taskdefs.optional.ejb,WeblogicDeploymentTool,buildWeblogicJar,Complex Method
ant,org.apache.tools.ant.taskdefs.optional.ejb,WeblogicDeploymentTool,isRebuildRequired,Complex Conditional
ant,org.apache.tools.ant.taskdefs.optional.ejb,WeblogicDeploymentTool,isRebuildRequired,Complex Method
ant,org.apache.tools.ant.taskdefs.optional.ejb,WeblogicDeploymentTool,isRebuildRequired,Long Method
ant,org.apache.tools.ant.taskdefs.optional.ejb,WeblogicDeploymentTool,isRebuildRequired,Long Statement
ant,org.apache.tools.ant.taskdefs.optional.ejb,WebsphereDeploymentTool,addVendorFiles,Long Statement
ant,org.apache.tools.ant.taskdefs.optional.ejb,WebsphereDeploymentTool,getOptions,Complex Method
ant,org.apache.tools.ant.taskdefs.optional.ejb,WebsphereDeploymentTool,isRebuildRequired,Complex Conditional
ant,org.apache.tools.ant.taskdefs.optional.ejb,WebsphereDeploymentTool,isRebuildRequired,Complex Method
ant,org.apache.tools.ant.taskdefs.optional.ejb,WebsphereDeploymentTool,isRebuildRequired,Long Method
ant,org.apache.tools.ant.taskdefs.optional.ejb,WebsphereDeploymentTool,isRebuildRequired,Long Statement
ant,org.apache.tools.ant.taskdefs.optional.extension,Extension,getAvailable,Long Statement
ant,org.apache.tools.ant.taskdefs.optional.extension,Extension,Extension,Long Parameter List
ant,org.apache.tools.ant.taskdefs.optional.extension,Extension,Extension,Long Statement
ant,org.apache.tools.ant.taskdefs.optional.extension,Extension,Extension,Long Statement
ant,org.apache.tools.ant.taskdefs.optional.extension,Extension,getCompatibilityWith,Complex Method
ant,org.apache.tools.ant.taskdefs.optional.extension,Extension,getCompatibilityWith,Long Identifier
ant,org.apache.tools.ant.taskdefs.optional.extension,ExtensionAdapter,setRefid,Complex Conditional
ant,org.apache.tools.ant.taskdefs.optional.extension,ExtensionAdapter,setRefid,Long Statement
ant,org.apache.tools.ant.taskdefs.optional.extension,ExtensionAdapter,toExtension,Long Statement
ant,org.apache.tools.ant.taskdefs.optional.extension,ExtensionUtil,addExtension,Long Statement
ant,org.apache.tools.ant.taskdefs.optional.extension,ExtensionUtil,addExtension,Long Statement
ant,org.apache.tools.ant.taskdefs.optional.extension,ExtensionUtil,addExtension,Long Statement
ant,org.apache.tools.ant.taskdefs.optional.extension,JarLibResolveTask,execute,Long Statement
ant,org.apache.tools.ant.taskdefs.optional.extension,JarLibResolveTask,execute,Long Statement
ant,org.apache.tools.ant.taskdefs.optional.extension,LibraryDisplayer,displayLibrary,Complex Conditional
ant,org.apache.tools.ant.taskdefs.optional.extension,LibraryDisplayer,displayLibrary,Complex Method
ant,org.apache.tools.ant.taskdefs.optional.extension,Specification,Specification,Long Parameter List
ant,org.apache.tools.ant.taskdefs.optional.extension,Specification,Specification,Long Statement
ant,org.apache.tools.ant.taskdefs.optional.extension,Specification,Specification,Long Parameter List
ant,org.apache.tools.ant.taskdefs.optional.extension,Specification,Specification,Long Statement
ant,org.apache.tools.ant.taskdefs.optional.extension,Specification,getCompatibilityWith,Complex Conditional
ant,org.apache.tools.ant.taskdefs.optional.extension,Specification,getCompatibilityWith,Long Statement
ant,org.apache.tools.ant.taskdefs.optional.extension,Specification,isEqual,Long Statement
ant,org.apache.tools.ant.taskdefs.optional.extension,Specification,mergeInSections,Long Statement
ant,org.apache.tools.ant.taskdefs.optional.extension,Specification,mergeInSections,Long Statement
ant,org.apache.tools.ant.taskdefs.optional.i18n,Translate,execute,Complex Method
ant,org.apache.tools.ant.taskdefs.optional.i18n,Translate,loadResourceMaps,Long Identifier
ant,org.apache.tools.ant.taskdefs.optional.i18n,Translate,loadResourceMap,Complex Conditional
ant,org.apache.tools.ant.taskdefs.optional.i18n,Translate,loadResourceMap,Complex Method
ant,org.apache.tools.ant.taskdefs.optional.i18n,Translate,translate,Complex Method
ant,org.apache.tools.ant.taskdefs.optional.i18n,Translate,translateOneFile,Complex Conditional
ant,org.apache.tools.ant.taskdefs.optional.i18n,Translate,translateOneFile,Complex Method
ant,org.apache.tools.ant.taskdefs.optional.i18n,Translate,translateOneFile,Long Statement
ant,org.apache.tools.ant.taskdefs.optional.i18n,TranslateTest,test1,Long Statement
ant,org.apache.tools.ant.taskdefs.optional.image,Image,processDir,Complex Method
ant,org.apache.tools.ant.taskdefs.optional.image,Image,processFile,Complex Conditional
ant,org.apache.tools.ant.taskdefs.optional.image,Image,processFile,Complex Conditional
ant,org.apache.tools.ant.taskdefs.optional.image,ImageIOTask,processDir,Complex Method
ant,org.apache.tools.ant.taskdefs.optional.image,ImageIOTask,processFile,Complex Conditional
ant,org.apache.tools.ant.taskdefs.optional.image,ImageIOTask,processFile,Complex Conditional
ant,org.apache.tools.ant.taskdefs.optional.image,ImageIOTask,processFile,Complex Method
ant,org.apache.tools.ant.taskdefs.optional.image,ImageIOTest,testOverwriteTrue,Long Statement
ant,org.apache.tools.ant.taskdefs.optional.image,ImageIOTest,testOverwriteTrue,Magic Number
ant,org.apache.tools.ant.taskdefs.optional.image,ImageIOTest,testDrawOverwriteTrue,Long Statement
ant,org.apache.tools.ant.taskdefs.optional.image,ImageIOTest,testDrawOverwriteTrue,Magic Number
ant,org.apache.tools.ant.taskdefs.optional.image,ImageTest,testOverwriteTrue,Long Statement
ant,org.apache.tools.ant.taskdefs.optional.image,ImageTest,testOverwriteTrue,Magic Number
ant,org.apache.tools.ant.taskdefs.optional.j2ee,JonasHotDeploymentTool,validateAttributes,Complex Conditional
ant,org.apache.tools.ant.taskdefs.optional.j2ee,JonasHotDeploymentTool,validateAttributes,Complex Method
ant,org.apache.tools.ant.taskdefs.optional.j2ee,JonasHotDeploymentTool,validateAttributes,Long Statement
ant,org.apache.tools.ant.taskdefs.optional.j2ee,JonasHotDeploymentTool,validateAttributes,Long Statement
ant,org.apache.tools.ant.taskdefs.optional.j2ee,JonasHotDeploymentTool,validateAttributes,Long Statement
ant,org.apache.tools.ant.taskdefs.optional.j2ee,WebLogicHotDeploymentTool,validateAttributes,Complex Conditional
ant,org.apache.tools.ant.taskdefs.optional.j2ee,WebLogicHotDeploymentTool,validateAttributes,Complex Conditional
ant,org.apache.tools.ant.taskdefs.optional.j2ee,WebLogicHotDeploymentTool,validateAttributes,Complex Conditional
ant,org.apache.tools.ant.taskdefs.optional.j2ee,WebLogicHotDeploymentTool,buildArgsPrefix,Long Statement
ant,org.apache.tools.ant.taskdefs.optional.javacc,JavaCC,getMainClass,Complex Method
ant,org.apache.tools.ant.taskdefs.optional.javacc,JavaCC,getMainClass,Missing default
ant,org.apache.tools.ant.taskdefs.optional.javacc,JavaCC,getMainClass,Missing default
ant,org.apache.tools.ant.taskdefs.optional.javacc,JavaCC,getMajorVersionNumber,Long Identifier
ant,org.apache.tools.ant.taskdefs.optional.javacc,JJTree,validateOutputFile,Complex Conditional
ant,org.apache.tools.ant.taskdefs.optional.javah,JavahAdapterFactory,getAdapter,Complex Conditional
ant,org.apache.tools.ant.taskdefs.optional.javah,JavahAdapterFactory,getAdapter,Complex Conditional
ant,org.apache.tools.ant.taskdefs.optional.javah,JavahAdapterFactory,getAdapter,Complex Conditional
ant,org.apache.tools.ant.taskdefs.optional.javah,JavahAdapterFactory,getAdapter,Long Statement
ant,org.apache.tools.ant.taskdefs.optional.javah,JavahAdapterFactory,resolveClassName,Long Statement
ant,org.apache.tools.ant.taskdefs.optional.javah,SunJavah,setupJavahCommand,Complex Method
ant,org.apache.tools.ant.taskdefs.optional.jdepend,JDependTask,execute,Complex Method
ant,org.apache.tools.ant.taskdefs.optional.jdepend,JDependTask,executeInVM,Complex Method
ant,org.apache.tools.ant.taskdefs.optional.jdepend,JDependTask,executeAsForked,Complex Method
ant,org.apache.tools.ant.taskdefs.optional.jlink,ConstantPool,ConstantPool,Complex Method
ant,org.apache.tools.ant.taskdefs.optional.jlink,ConstantPool,ConstantPool,Missing default
ant,org.apache.tools.ant.taskdefs.optional.jlink,jlink,main,Magic Number
ant,org.apache.tools.ant.taskdefs.optional.jlink,jlink,getEntryName,Empty catch clause
ant,org.apache.tools.ant.taskdefs.optional.jlink,jlink,processEntry,Empty catch clause
ant,org.apache.tools.ant.taskdefs.optional.jsp.compilers,DefaultJspCompilerAdapter,logAndAddFilesToCompile,Long Statement
ant,org.apache.tools.ant.taskdefs.optional.jsp.compilers,DefaultJspCompilerAdapter,logAndAddFilesToCompile,Long Statement
ant,org.apache.tools.ant.taskdefs.optional.jsp.compilers,JasperC,setupJasperCommand,Long Statement
ant,org.apache.tools.ant.taskdefs.optional.jsp,Jasper41Mangler,mangleChar,Magic Number
ant,org.apache.tools.ant.taskdefs.optional.jsp,Jasper41Mangler,mangleChar,Magic Number
ant,org.apache.tools.ant.taskdefs.optional.jsp,Jasper41Mangler,mangleChar,Magic Number
ant,org.apache.tools.ant.taskdefs.optional.jsp,JspC,execute,Complex Method
ant,org.apache.tools.ant.taskdefs.optional.jsp,JspC,execute,Long Statement
ant,org.apache.tools.ant.taskdefs.optional.jsp,JspC,isCompileNeeded,Long Statement
ant,org.apache.tools.ant.taskdefs.optional.jsp,JspC,isCompileNeeded,Long Statement
ant,org.apache.tools.ant.taskdefs.optional.jsp,JspNameMangler,mangleChar,Magic Number
ant,org.apache.tools.ant.taskdefs.optional.jsp,JspNameMangler,mangleChar,Magic Number
ant,org.apache.tools.ant.taskdefs.optional.jsp,JspNameMangler,mangleChar,Magic Number
ant,org.apache.tools.ant.taskdefs.optional.jsp,WLJspc,execute,Complex Method
ant,org.apache.tools.ant.taskdefs.optional.jsp,WLJspc,execute,Magic Number
ant,org.apache.tools.ant.taskdefs.optional.jsp,WLJspc,execute,Magic Number
ant,org.apache.tools.ant.taskdefs.optional.jsp,WLJspc,execute,Magic Number
ant,org.apache.tools.ant.taskdefs.optional.junit,AggregateTransformer,getStylesheet,Long Statement
ant,org.apache.tools.ant.taskdefs.optional.junit,AggregateTransformer,configureForRedirectExtension,Long Statement
ant,org.apache.tools.ant.taskdefs.optional.junit,BatchTest,getFilenames,Long Statement
ant,org.apache.tools.ant.taskdefs.optional.junit,BriefJUnitResultFormatter,endTestSuite,Empty catch clause
ant,org.apache.tools.ant.taskdefs.optional.junit,DOMUtil,getChildByTagName,Complex Conditional
ant,org.apache.tools.ant.taskdefs.optional.junit,DOMUtil,importNode,Complex Method
ant,org.apache.tools.ant.taskdefs.optional.junit,DOMUtil,importNode,Empty catch clause
ant,org.apache.tools.ant.taskdefs.optional.junit,DOMUtil,importNode,Missing default
ant,org.apache.tools.ant.taskdefs.optional.junit,FailureRecorder,getLocationName,Long Statement
ant,org.apache.tools.ant.taskdefs.optional.junit,FailureRecorder,getLocationName,Long Statement
ant,org.apache.tools.ant.taskdefs.optional.junit,FailureRecorder,getLocationName,Long Statement
ant,org.apache.tools.ant.taskdefs.optional.junit,FormatterElement,setType,Missing default
ant,org.apache.tools.ant.taskdefs.optional.junit,FormatterElement,createFormatter,Empty catch clause
ant,org.apache.tools.ant.taskdefs.optional.junit,FormatterElement,createFormatter,Empty catch clause
ant,org.apache.tools.ant.taskdefs.optional.junit,JUnit4TestMethodAdapter,describe,Magic Number
ant,org.apache.tools.ant.taskdefs.optional.junit,MultipleMethodsFilter,describe,Magic Number
ant,org.apache.tools.ant.taskdefs.optional.junit,JUnitTask,setTempdir,Complex Conditional
ant,org.apache.tools.ant.taskdefs.optional.junit,JUnitTask,createMirror,Long Statement
ant,org.apache.tools.ant.taskdefs.optional.junit,JUnitTask,createMirror,Long Statement
ant,org.apache.tools.ant.taskdefs.optional.junit,JUnitTask,setupJUnitDelegate,Long Statement
ant,org.apache.tools.ant.taskdefs.optional.junit,JUnitTask,runTestsInThreads,Complex Method
ant,org.apache.tools.ant.taskdefs.optional.junit,JUnitTask,validateTestName,Complex Conditional
ant,org.apache.tools.ant.taskdefs.optional.junit,JUnitTask,executeAsForked,Complex Method
ant,org.apache.tools.ant.taskdefs.optional.junit,JUnitTask,executeAsForked,Long Method
ant,org.apache.tools.ant.taskdefs.optional.junit,JUnitTask,executeAsForked,Long Statement
ant,org.apache.tools.ant.taskdefs.optional.junit,JUnitTask,executeAsForked,Long Statement
ant,org.apache.tools.ant.taskdefs.optional.junit,JUnitTask,checkIncludeSummary,Long Statement
ant,org.apache.tools.ant.taskdefs.optional.junit,JUnitTask,checkForkedPath,Empty catch clause
ant,org.apache.tools.ant.taskdefs.optional.junit,JUnitTask,checkForkedPath,Long Statement
ant,org.apache.tools.ant.taskdefs.optional.junit,JUnitTask,maybeStripJarAndClass,Magic Number
ant,org.apache.tools.ant.taskdefs.optional.junit,JUnitTask,createTempPropertiesFile,Long Statement
ant,org.apache.tools.ant.taskdefs.optional.junit,JUnitTask,executeInVM,Complex Method
ant,org.apache.tools.ant.taskdefs.optional.junit,JUnitTask,executeInVM,Long Statement
ant,org.apache.tools.ant.taskdefs.optional.junit,JUnitTask,getIndividualTests,Long Statement
ant,org.apache.tools.ant.taskdefs.optional.junit,JUnitTask,checkMethodLists,Long Statement
ant,org.apache.tools.ant.taskdefs.optional.junit,JUnitTask,logVmCrash,Long Statement
ant,org.apache.tools.ant.taskdefs.optional.junit,JUnitTask,logVmExit,Complex Method
ant,org.apache.tools.ant.taskdefs.optional.junit,JUnitTask,logVmExit,Empty catch clause
ant,org.apache.tools.ant.taskdefs.optional.junit,JUnitTask,ForkedTestConfiguration,Long Parameter List
ant,org.apache.tools.ant.taskdefs.optional.junit,JUnitTask,ForkedTestConfiguration,Long Statement
ant,org.apache.tools.ant.taskdefs.optional.junit,JUnitTask,equals,Long Statement
ant,org.apache.tools.ant.taskdefs.optional.junit,JUnitTask,hashCode,Magic Number
ant,org.apache.tools.ant.taskdefs.optional.junit,JUnitTask,hashCode,Magic Number
ant,org.apache.tools.ant.taskdefs.optional.junit,JUnitTask,executeOrQueue,Complex Conditional
ant,org.apache.tools.ant.taskdefs.optional.junit,JUnitTask,actOnTestResult,Complex Conditional
ant,org.apache.tools.ant.taskdefs.optional.junit,JUnitTask,actOnTestResult,Long Statement
ant,org.apache.tools.ant.taskdefs.optional.junit,ForkedTestConfiguration,ForkedTestConfiguration,Long Parameter List
ant,org.apache.tools.ant.taskdefs.optional.junit,ForkedTestConfiguration,ForkedTestConfiguration,Long Statement
ant,org.apache.tools.ant.taskdefs.optional.junit,ForkedTestConfiguration,equals,Long Statement
ant,org.apache.tools.ant.taskdefs.optional.junit,ForkedTestConfiguration,hashCode,Magic Number
ant,org.apache.tools.ant.taskdefs.optional.junit,ForkedTestConfiguration,hashCode,Magic Number
ant,org.apache.tools.ant.taskdefs.optional.junit,JUnitTaskMirror,addVmExit,Long Parameter List
ant,org.apache.tools.ant.taskdefs.optional.junit,JUnitTaskMirror,newJUnitTestRunner,Long Parameter List
ant,org.apache.tools.ant.taskdefs.optional.junit,JUnitTaskMirrorImpl,addVmExit,Long Parameter List
ant,org.apache.tools.ant.taskdefs.optional.junit,JUnitTaskMirrorImpl,newJUnitTestRunner,Long Parameter List
ant,org.apache.tools.ant.taskdefs.optional.junit,JUnitTaskMirrorImpl,newJUnitTestRunner,Long Statement
ant,org.apache.tools.ant.taskdefs.optional.junit,JUnitTest,JUnitTest,Long Parameter List
ant,org.apache.tools.ant.taskdefs.optional.junit,JUnitTest,JUnitTest,Long Parameter List
ant,org.apache.tools.ant.taskdefs.optional.junit,JUnitTest,resolveMethods,Long Statement
ant,org.apache.tools.ant.taskdefs.optional.junit,JUnitTest,parseTestMethodNamesList,Complex Method
ant,org.apache.tools.ant.taskdefs.optional.junit,JUnitTest,parseTestMethodNamesList,Magic Number
ant,org.apache.tools.ant.taskdefs.optional.junit,JUnitTest,parseTestMethodNamesList,Magic Number
ant,org.apache.tools.ant.taskdefs.optional.junit,JUnitTest,parseTestMethodNamesList,Missing default
ant,org.apache.tools.ant.taskdefs.optional.junit,JUnitTest,parseTestMethodNamesList,Missing default
ant,org.apache.tools.ant.taskdefs.optional.junit,JUnitTestRunner,JUnitTestRunner,Long Parameter List
ant,org.apache.tools.ant.taskdefs.optional.junit,JUnitTestRunner,JUnitTestRunner,Long Parameter List
ant,org.apache.tools.ant.taskdefs.optional.junit,JUnitTestRunner,JUnitTestRunner,Long Parameter List
ant,org.apache.tools.ant.taskdefs.optional.junit,JUnitTestRunner,JUnitTestRunner,Long Parameter List
ant,org.apache.tools.ant.taskdefs.optional.junit,JUnitTestRunner,JUnitTestRunner,Long Parameter List
ant,org.apache.tools.ant.taskdefs.optional.junit,JUnitTestRunner,JUnitTestRunner,Long Parameter List
ant,org.apache.tools.ant.taskdefs.optional.junit,JUnitTestRunner,JUnitTestRunner,Long Parameter List
ant,org.apache.tools.ant.taskdefs.optional.junit,JUnitTestRunner,run,Complex Method
ant,org.apache.tools.ant.taskdefs.optional.junit,JUnitTestRunner,run,Empty catch clause
ant,org.apache.tools.ant.taskdefs.optional.junit,JUnitTestRunner,run,Empty catch clause
ant,org.apache.tools.ant.taskdefs.optional.junit,JUnitTestRunner,run,Long Method
ant,org.apache.tools.ant.taskdefs.optional.junit,JUnitTestRunner,run,Long Statement
ant,org.apache.tools.ant.taskdefs.optional.junit,JUnitTestRunner,run,Long Statement
ant,org.apache.tools.ant.taskdefs.optional.junit,JUnitTestRunner,containsTests,Complex Conditional
ant,org.apache.tools.ant.taskdefs.optional.junit,JUnitTestRunner,containsTests,Complex Conditional
ant,org.apache.tools.ant.taskdefs.optional.junit,JUnitTestRunner,containsTests,Complex Method
ant,org.apache.tools.ant.taskdefs.optional.junit,JUnitTestRunner,containsTests,Empty catch clause
ant,org.apache.tools.ant.taskdefs.optional.junit,JUnitTestRunner,containsTests,Empty catch clause
ant,org.apache.tools.ant.taskdefs.optional.junit,JUnitTestRunner,containsTests,Long Statement
ant,org.apache.tools.ant.taskdefs.optional.junit,JUnitTestRunner,containsTests,Long Statement
ant,org.apache.tools.ant.taskdefs.optional.junit,JUnitTestRunner,main,Complex Conditional
ant,org.apache.tools.ant.taskdefs.optional.junit,JUnitTestRunner,main,Complex Method
ant,org.apache.tools.ant.taskdefs.optional.junit,JUnitTestRunner,main,Long Method
ant,org.apache.tools.ant.taskdefs.optional.junit,JUnitTestRunner,launch,Long Parameter List
ant,org.apache.tools.ant.taskdefs.optional.junit,JUnitTestRunner,launch,Long Statement
ant,org.apache.tools.ant.taskdefs.optional.junit,JUnitTestRunner,registerTestCase,Empty catch clause
ant,org.apache.tools.ant.taskdefs.optional.junit,JUnitVersionHelper,getTestCaseName,Empty catch clause
ant,org.apache.tools.ant.taskdefs.optional.junit,JUnitVersionHelper,getTestCaseName,Empty catch clause
ant,org.apache.tools.ant.taskdefs.optional.junit,JUnitVersionHelper,getTestCaseName,Long Identifier
ant,org.apache.tools.ant.taskdefs.optional.junit,JUnitVersionHelper,getTestCaseClassName,Long Identifier
ant,org.apache.tools.ant.taskdefs.optional.junit,JUnitVersionHelper,getIgnoreMessage,Empty catch clause
ant,org.apache.tools.ant.taskdefs.optional.junit,PlainJUnitResultFormatter,endTestSuite,Long Statement
ant,org.apache.tools.ant.taskdefs.optional.junit,TearDownOnVmCrash,tearDown,Empty catch clause
ant,org.apache.tools.ant.taskdefs.optional.junit,TearDownOnVmCrash,tearDown,Empty catch clause
ant,org.apache.tools.ant.taskdefs.optional.junit,TearDownOnVmCrash,tearDown,Empty catch clause
ant,org.apache.tools.ant.taskdefs.optional.junit,TearDownOnVmCrash,tearDown,Empty catch clause
ant,org.apache.tools.ant.taskdefs.optional.junit,TearDownOnVmCrash,tearDown,Empty catch clause
ant,org.apache.tools.ant.taskdefs.optional.junit,XMLJUnitResultFormatter,getHostname,Empty catch clause
ant,org.apache.tools.ant.taskdefs.optional.junit,XMLJUnitResultFormatter,endTestSuite,Empty catch clause
ant,org.apache.tools.ant.taskdefs.optional.junit,XMLJUnitResultFormatter,endTest,Complex Conditional
ant,org.apache.tools.ant.taskdefs.optional.junit,XMLJUnitResultFormatter,endTest,Long Statement
ant,org.apache.tools.ant.taskdefs.optional.junit,XMLResultAggregator,getFiles,Long Statement
ant,org.apache.tools.ant.taskdefs.optional.junit,XMLResultAggregator,writeDOMTree,Long Statement
ant,org.apache.tools.ant.taskdefs.optional.junit,BatchTestTest,data,Long Statement
ant,org.apache.tools.ant.taskdefs.optional.junit,BatchTestTest,data,Long Statement
ant,org.apache.tools.ant.taskdefs.optional.junit,IllegalArgumentTest,data,Long Statement
ant,org.apache.tools.ant.taskdefs.optional.junit,LegalArgumentTest,data,Long Statement
ant,org.apache.tools.ant.taskdefs.optional.junit,DOMUtilTest,testListChildNodes,Magic Number
ant,org.apache.tools.ant.taskdefs.optional.junit,JUnitReportTest,testNoFileJUnitNoFrames,Long Statement
ant,org.apache.tools.ant.taskdefs.optional.junit,JUnitReportTest,testIncompleteFile,Long Statement
ant,org.apache.tools.ant.taskdefs.optional.junit,JUnitReportTest,testWrongElement,Long Statement
ant,org.apache.tools.ant.taskdefs.optional.junit,JUnitReportTest,testStackTraceLineBreaks,Long Statement
ant,org.apache.tools.ant.taskdefs.optional.junit,JUnitReportTest,testStackTraceLineBreaks,Long Statement
ant,org.apache.tools.ant.taskdefs.optional.junit,JUnitReportTest,testWithSecurityManagerAndXalanFactory,Long Statement
ant,org.apache.tools.ant.taskdefs.optional.junit,JUnitTaskTest,testFailureRecorder,Empty catch clause
ant,org.apache.tools.ant.taskdefs.optional.junit,JUnitTaskTest,testFailureRecorder,Long Statement
ant,org.apache.tools.ant.taskdefs.optional.junit,JUnitTaskTest,testFailureRecorder,Long Statement
ant,org.apache.tools.ant.taskdefs.optional.junit,JUnitTaskTest,testFailureRecorder,Long Statement
ant,org.apache.tools.ant.taskdefs.optional.junit,JUnitTaskTest,testFailureRecorder,Long Statement
ant,org.apache.tools.ant.taskdefs.optional.junit,JUnitTaskTest,testFailureRecorder,Long Statement
ant,org.apache.tools.ant.taskdefs.optional.junit,JUnitTaskTest,testFailureRecorder,Long Statement
ant,org.apache.tools.ant.taskdefs.optional.junit,JUnitTaskTest,testFailureRecorder,Long Statement
ant,org.apache.tools.ant.taskdefs.optional.junit,JUnitTaskTest,assertResultFileExists,Long Statement
ant,org.apache.tools.ant.taskdefs.optional.junit,JUnitTaskTest,testJUnit4Skip,Long Statement
ant,org.apache.tools.ant.taskdefs.optional.junit,JUnitTaskTest,testJUnit4Skip,Long Statement
ant,org.apache.tools.ant.taskdefs.optional.junit,JUnitTaskTest,testJUnit4Skip,Long Statement
ant,org.apache.tools.ant.taskdefs.optional.junit,JUnitTaskTest,testJUnit4Skip,Long Statement
ant,org.apache.tools.ant.taskdefs.optional.junit,JUnitTaskTest,testJUnit4Skip,Long Statement
ant,org.apache.tools.ant.taskdefs.optional.junit,JUnitTaskTest,testJUnit4Skip,Long Statement
ant,org.apache.tools.ant.taskdefs.optional.junit,JUnitTaskTest,testJUnit4Skip,Long Statement
ant,org.apache.tools.ant.taskdefs.optional.junit,JUnitTaskTest,testJUnit4Skip,Long Statement
ant,org.apache.tools.ant.taskdefs.optional.junit,JUnitTaskTest,testJUnit4Skip,Magic Number
ant,org.apache.tools.ant.taskdefs.optional.junit,JUnitTaskTest,testJUnit4Skip,Magic Number
ant,org.apache.tools.ant.taskdefs.optional.junit,JUnitTaskTest,testJUnit4Skip,Magic Number
ant,org.apache.tools.ant.taskdefs.optional.junit,JUnitTaskTest,testJUnit4Skip,Magic Number
ant,org.apache.tools.ant.taskdefs.optional.junit,JUnitTaskTest,testNonTestsSkipped,Long Statement
ant,org.apache.tools.ant.taskdefs.optional.junit,JUnitTaskTest,testNonTestsSkipped,Long Statement
ant,org.apache.tools.ant.taskdefs.optional.junit,JUnitTaskTest,testNonTestsSkipped,Long Statement
ant,org.apache.tools.ant.taskdefs.optional.junit,JUnitTaskTest,testNonTestsSkipped,Long Statement
ant,org.apache.tools.ant.taskdefs.optional.junit,JUnitTaskTest,testNonTestsSkipped,Long Statement
ant,org.apache.tools.ant.taskdefs.optional.junit,JUnitTaskTest,testNonTestsSkipped,Long Statement
ant,org.apache.tools.ant.taskdefs.optional.junit,JUnitTaskTest,testNonTestsSkipped,Long Statement
ant,org.apache.tools.ant.taskdefs.optional.junit,JUnitTaskTest,testNonTestsSkipped,Long Statement
ant,org.apache.tools.ant.taskdefs.optional.junit,JUnitTaskTest,testNonTestsSkipped,Long Statement
ant,org.apache.tools.ant.taskdefs.optional.junit,JUnitTaskTest,testNonTestsSkipped,Long Statement
ant,org.apache.tools.ant.taskdefs.optional.junit,JUnitTaskTest,testNonTestsSkipped,Long Statement
ant,org.apache.tools.ant.taskdefs.optional.junit,JUnitTaskTest,testNonTestsSkipped,Long Statement
ant,org.apache.tools.ant.taskdefs.optional.junit,JUnitTaskTest,testNonTestsSkipped,Long Statement
ant,org.apache.tools.ant.taskdefs.optional.junit,JUnitTaskTest,testNonTestsSkipped,Long Statement
ant,org.apache.tools.ant.taskdefs.optional.junit,JUnitTaskTest,testNonTestsSkipped,Long Statement
ant,org.apache.tools.ant.taskdefs.optional.junit,JUnitTaskTest,testNonTestsSkipped,Long Statement
ant,org.apache.tools.ant.taskdefs.optional.junit,JUnitTaskTest,testNonTestsSkipped,Long Statement
ant,org.apache.tools.ant.taskdefs.optional.junit,JUnitTaskTest,testNonTestsSkipped,Long Statement
ant,org.apache.tools.ant.taskdefs.optional.junit,JUnitTaskTest,testJunitOnCpArguments,Long Statement
ant,org.apache.tools.ant.taskdefs.optional.junit,JUnitTaskTest,testJunitOnCpArguments,Magic Number
ant,org.apache.tools.ant.taskdefs.optional.junit,JUnitTaskTest,testJunitOnMpArguments,Long Statement
ant,org.apache.tools.ant.taskdefs.optional.junit,JUnitTaskTest,testJunitOnMpArguments,Magic Number
ant,org.apache.tools.ant.taskdefs.optional.junit,JUnitTaskTest,testCheckDuplicateAntJar,Long Statement
ant,org.apache.tools.ant.taskdefs.optional.junit,JUnitTaskTest,testCheckNonDuplicateAntJar,Long Statement
ant,org.apache.tools.ant.taskdefs.optional.junit,JUnitTestListenerTest,testFullLogOutput,Long Statement
ant,org.apache.tools.ant.taskdefs.optional.junit,JUnitTestListenerTest,testNoLogOutput,Long Statement
ant,org.apache.tools.ant.taskdefs.optional.junit,JUnitTestListenerTest,testTestCountFired,Long Statement
ant,org.apache.tools.ant.taskdefs.optional.junit,JUnitTestListenerTest,testStartTestFired,Long Statement
ant,org.apache.tools.ant.taskdefs.optional.junit,JUnitTestListenerTest,testEndTestFired,Long Statement
ant,org.apache.tools.ant.taskdefs.optional.junit,JUnitTestListenerTest,testNoFullLogOutputByDefault,Long Statement
ant,org.apache.tools.ant.taskdefs.optional.junit,JUnitTestListenerTest,testFullLogOutputMagicProperty,Long Statement
ant,org.apache.tools.ant.taskdefs.optional.junit,JUnitTestListenerTest,testNoFullLogOutputMagicPropertyWins,Long Statement
ant,org.apache.tools.ant.taskdefs.optional.junit,JUnitTestRunnerTest,testNoTestCase,Long Statement
ant,org.apache.tools.ant.taskdefs.optional.junit,JUnitTestRunnerTest,testStaticInitializerErrorTestCase,Long Statement
ant,org.apache.tools.ant.taskdefs.optional.junit,JUnitTestRunnerTest,testInvalidTestCase,Long Statement
ant,org.apache.tools.ant.taskdefs.optional.junit,JUnitTestRunnerTest,TestRunner,Long Parameter List
ant,org.apache.tools.ant.taskdefs.optional.junit,TestRunner,TestRunner,Long Parameter List
ant,org.apache.tools.ant.taskdefs.optional.junit,JUnitVersionHelperTest,testMyOwnName,Long Statement
ant,org.apache.tools.ant.taskdefs.optional.junit,Sleeper,testSleep,Magic Number
ant,org.apache.tools.ant.taskdefs.optional.junit,Sleeper,testSleep,Magic Number
ant,org.apache.tools.ant.taskdefs.optional.junit,TestFormatter,endTestSuite,Empty catch clause
ant,org.apache.tools.ant.taskdefs.optional.junitlauncher,AbstractJUnitResultFormatter,writeFrom,Magic Number
ant,org.apache.tools.ant.taskdefs.optional.junitlauncher,AbstractJUnitResultFormatter,handleException,Long Statement
ant,org.apache.tools.ant.taskdefs.optional.junitlauncher,AbstractJUnitResultFormatter,createFileStore,Long Statement
ant,org.apache.tools.ant.taskdefs.optional.junitlauncher,SysOutErrContentStore,createFileStore,Long Statement
ant,org.apache.tools.ant.taskdefs.optional.junitlauncher,LauncherSupport,launch,Empty catch clause
ant,org.apache.tools.ant.taskdefs.optional.junitlauncher,LauncherSupport,launch,Empty catch clause
ant,org.apache.tools.ant.taskdefs.optional.junitlauncher,LauncherSupport,getListeners,Long Statement
ant,org.apache.tools.ant.taskdefs.optional.junitlauncher,LauncherSupport,getListeners,Long Statement
ant,org.apache.tools.ant.taskdefs.optional.junitlauncher,LauncherSupport,trySwitchSysOutErr,Missing default
ant,org.apache.tools.ant.taskdefs.optional.junitlauncher,LauncherSupport,trySwitchSysOutErr,Missing default
ant,org.apache.tools.ant.taskdefs.optional.junitlauncher,LauncherSupport,run,Long Statement
ant,org.apache.tools.ant.taskdefs.optional.junitlauncher,LauncherSupport,run,Long Statement
ant,org.apache.tools.ant.taskdefs.optional.junitlauncher,LauncherSupport,run,Long Statement
ant,org.apache.tools.ant.taskdefs.optional.junitlauncher,LauncherSupport,run,Magic Number
ant,org.apache.tools.ant.taskdefs.optional.junitlauncher,LauncherSupport,run,Magic Number
ant,org.apache.tools.ant.taskdefs.optional.junitlauncher,LauncherSupport,closeAndWait,Magic Number
ant,org.apache.tools.ant.taskdefs.optional.junitlauncher,SysOutErrStreamReader,run,Long Statement
ant,org.apache.tools.ant.taskdefs.optional.junitlauncher,SysOutErrStreamReader,run,Long Statement
ant,org.apache.tools.ant.taskdefs.optional.junitlauncher,SysOutErrStreamReader,run,Long Statement
ant,org.apache.tools.ant.taskdefs.optional.junitlauncher,SysOutErrStreamReader,run,Magic Number
ant,org.apache.tools.ant.taskdefs.optional.junitlauncher,SysOutErrContentDeliverer,run,Magic Number
ant,org.apache.tools.ant.taskdefs.optional.junitlauncher,Listener,closeAndWait,Magic Number
ant,org.apache.tools.ant.taskdefs.optional.junitlauncher,LegacyPlainResultFormatter,testPlanExecutionFinished,Magic Number
ant,org.apache.tools.ant.taskdefs.optional.junitlauncher,LegacyPlainResultFormatter,executionSkipped,Magic Number
ant,org.apache.tools.ant.taskdefs.optional.junitlauncher,LegacyPlainResultFormatter,executionFinished,Complex Method
ant,org.apache.tools.ant.taskdefs.optional.junitlauncher,LegacyPlainResultFormatter,executionFinished,Magic Number
ant,org.apache.tools.ant.taskdefs.optional.junitlauncher,LegacyXmlResultFormatter,writeCharactersFrom,Magic Number
ant,org.apache.tools.ant.taskdefs.optional.junitlauncher,LegacyXmlResultFormatter,findFirstParentClassSource,Long Statement
ant,org.apache.tools.ant.taskdefs.optional.junitlauncher,XMLReportWriter,writeCharactersFrom,Magic Number
ant,org.apache.tools.ant.taskdefs.optional.junitlauncher,XMLReportWriter,findFirstParentClassSource,Long Statement
ant,org.apache.tools.ant.taskdefs.optional.junitlauncher,StandaloneLauncher,main,Complex Method
ant,org.apache.tools.ant.taskdefs.optional.junitlauncher,StandaloneLauncher,main,Magic Number
ant,org.apache.tools.ant.taskdefs.optional.junitlauncher,StandaloneLauncher,main,Magic Number
ant,org.apache.tools.ant.taskdefs.optional.junitlauncher,StandaloneLauncher,parseLaunchDefinition,Complex Method
ant,org.apache.tools.ant.taskdefs.optional.junitlauncher,JUnitLauncherTaskTest,testFailureContinuesBuild,Long Statement
ant,org.apache.tools.ant.taskdefs.optional.junitlauncher,JUnitLauncherTaskTest,testFailureContinuesBuild,Long Statement
ant,org.apache.tools.ant.taskdefs.optional.junitlauncher,JUnitLauncherTaskTest,testSuccessfulTests,Long Statement
ant,org.apache.tools.ant.taskdefs.optional.junitlauncher,JUnitLauncherTaskTest,testSuccessfulTests,Long Statement
ant,org.apache.tools.ant.taskdefs.optional.junitlauncher,JUnitLauncherTaskTest,testSpecificMethodTest,Long Statement
ant,org.apache.tools.ant.taskdefs.optional.junitlauncher,JUnitLauncherTaskTest,testMultipleIndividualTests,Long Statement
ant,org.apache.tools.ant.taskdefs.optional.junitlauncher,JUnitLauncherTaskTest,testMultipleIndividualTests,Long Statement
ant,org.apache.tools.ant.taskdefs.optional.junitlauncher,JUnitLauncherTaskTest,testTestClasses,Long Statement
ant,org.apache.tools.ant.taskdefs.optional.junitlauncher,JUnitLauncherTaskTest,testTestClasses,Long Statement
ant,org.apache.tools.ant.taskdefs.optional.junitlauncher,JUnitLauncherTaskTest,testTestClasses,Long Statement
ant,org.apache.tools.ant.taskdefs.optional.junitlauncher,JUnitLauncherTaskTest,testTestClasses,Long Statement
ant,org.apache.tools.ant.taskdefs.optional.junitlauncher,JUnitLauncherTaskTest,testTestClasses,Long Statement
ant,org.apache.tools.ant.taskdefs.optional.junitlauncher,JUnitLauncherTaskTest,testTestClasses,Long Statement
ant,org.apache.tools.ant.taskdefs.optional.junitlauncher,JUnitLauncherTaskTest,testTestClasses,Long Statement
ant,org.apache.tools.ant.taskdefs.optional.junitlauncher,JUnitLauncherTaskTest,testBasicFork,Long Statement
ant,org.apache.tools.ant.taskdefs.optional.junitlauncher,JUnitLauncherTaskTest,testBasicFork,Long Statement
ant,org.apache.tools.ant.taskdefs.optional.junitlauncher,JUnitLauncherTaskTest,testExcludeJUnitPlatformLibs,Long Statement
ant,org.apache.tools.ant.taskdefs.optional.junitlauncher,JUnitLauncherTaskTest,testExcludeJUnitPlatformLibs,Long Statement
ant,org.apache.tools.ant.taskdefs.optional.junitlauncher,JUnitLauncherTaskTest,testExcludeAntRuntimeLibs,Long Statement
ant,org.apache.tools.ant.taskdefs.optional.junitlauncher,JUnitLauncherTaskTest,testExcludeAntRuntimeLibs,Long Statement
ant,org.apache.tools.ant.taskdefs.optional.junitlauncher,JUnitLauncherTaskTest,testJUnitPlatformLibsCustomLocation,Long Statement
ant,org.apache.tools.ant.taskdefs.optional.junitlauncher,JUnitLauncherTaskTest,testJUnitPlatformLibsCustomLocation,Long Statement
ant,org.apache.tools.ant.taskdefs.optional.junitlauncher,JUnitLauncherTaskTest,testJUnitPlatformLibsCustomLocation,Long Statement
ant,org.apache.tools.ant.taskdefs.optional.junitlauncher,JUnitLauncherTaskTest,testAntRuntimeLibsCustomLocation,Long Statement
ant,org.apache.tools.ant.taskdefs.optional.junitlauncher,JUnitLauncherTaskTest,testAntRuntimeLibsCustomLocation,Long Statement
ant,org.apache.tools.ant.taskdefs.optional.junitlauncher,JUnitLauncherTaskTest,testAntRuntimeLibsCustomLocation,Long Statement
ant,org.apache.tools.ant.taskdefs.optional.junitlauncher,JUnitLauncherTaskTest,testAntRuntimeLibsCustomLocation,Long Statement
ant,org.apache.tools.ant.taskdefs.optional.junitlauncher,JUnitLauncherTaskTest,testAntRuntimeLibsCustomLocation,Long Statement
ant,org.apache.tools.ant.taskdefs.optional.junitlauncher,JUnitLauncherTaskTest,testAntAndJUnitPlatformLibsCustomLocation,Long Statement
ant,org.apache.tools.ant.taskdefs.optional.junitlauncher,JUnitLauncherTaskTest,testAntAndJUnitPlatformLibsCustomLocation,Long Statement
ant,org.apache.tools.ant.taskdefs.optional.junitlauncher,JUnitLauncherTaskTest,testAntAndJUnitPlatformLibsCustomLocation,Long Statement
ant,org.apache.tools.ant.taskdefs.optional.junitlauncher,JUnitLauncherTaskTest,testMethodWithIncludeTag,Long Statement
ant,org.apache.tools.ant.taskdefs.optional.junitlauncher,JUnitLauncherTaskTest,testMethodWithIncludeTag,Long Statement
ant,org.apache.tools.ant.taskdefs.optional.junitlauncher,JUnitLauncherTaskTest,testMethodWithExcludeTag,Long Statement
ant,org.apache.tools.ant.taskdefs.optional.junitlauncher,JUnitLauncherTaskTest,testMethodWithExcludeTag,Long Statement
ant,org.apache.tools.ant.taskdefs.optional.junitlauncher,JUnitLauncherTaskTest,testMethodWithTag2Classes,Long Statement
ant,org.apache.tools.ant.taskdefs.optional.junitlauncher,JUnitLauncherTaskTest,testMethodWithTag2Classes,Long Statement
ant,org.apache.tools.ant.taskdefs.optional.junitlauncher,JUnitLauncherTaskTest,testMethodWithTag2Classes,Long Statement
ant,org.apache.tools.ant.taskdefs.optional.junitlauncher,JUnitLauncherTaskTest,testMethodWithTag2Classes,Long Statement
ant,org.apache.tools.ant.taskdefs.optional.junitlauncher,JUnitLauncherTaskTest,testMethodWithTag2Classes,Long Statement
ant,org.apache.tools.ant.taskdefs.optional.junitlauncher,JUnitLauncherTaskTest,testBeforeAllFailureContinuesBuild,Long Statement
ant,org.apache.tools.ant.taskdefs.optional.junitlauncher,JUnitLauncherTaskTest,testMethodWithTagFileSet,Long Statement
ant,org.apache.tools.ant.taskdefs.optional.junitlauncher,JUnitLauncherTaskTest,testMethodWithTagFileSet,Long Statement
ant,org.apache.tools.ant.taskdefs.optional.junitlauncher,JUnitLauncherTaskTest,testMethodWithTagFileSet,Long Statement
ant,org.apache.tools.ant.taskdefs.optional.junitlauncher,JUnitLauncherTaskTest,testMethodWithTagFileSet,Long Statement
ant,org.apache.tools.ant.taskdefs.optional.junitlauncher,JUnitLauncherTaskTest,testMethodWithTagFileSet,Long Statement
ant,org.apache.tools.ant.taskdefs.optional.junitlauncher,JUnitLauncherTaskTest,testMethodWithTagFileSetFork,Long Statement
ant,org.apache.tools.ant.taskdefs.optional.junitlauncher,JUnitLauncherTaskTest,testMethodWithTagFileSetFork,Long Statement
ant,org.apache.tools.ant.taskdefs.optional.junitlauncher,JUnitLauncherTaskTest,testMethodWithTagFileSetFork,Long Statement
ant,org.apache.tools.ant.taskdefs.optional.junitlauncher,JUnitLauncherTaskTest,testMethodWithTagFileSetFork,Long Statement
ant,org.apache.tools.ant.taskdefs.optional.junitlauncher,JUnitLauncherTaskTest,testMethodWithTagFileSetFork,Long Statement
ant,org.apache.tools.ant.taskdefs.optional.junitlauncher,JUnitLauncherTaskTest,testBz63958,Long Statement
ant,org.apache.tools.ant.taskdefs.optional.junitlauncher.confined,ForkDefinition,generateCommandLine,Long Identifier
ant,org.apache.tools.ant.taskdefs.optional.junitlauncher.confined,JUnitLauncherClassPathUtil,addAntRuntimeResourceLocations,Long Identifier
ant,org.apache.tools.ant.taskdefs.optional.junitlauncher.confined,JUnitLauncherClassPathUtil,addLauncherSupportResourceLocation,Long Identifier
ant,org.apache.tools.ant.taskdefs.optional.junitlauncher.confined,JUnitLauncherTask,execute,Long Statement
ant,org.apache.tools.ant.taskdefs.optional.junitlauncher.confined,JUnitLauncherTask,launchViaReflection,Long Identifier
ant,org.apache.tools.ant.taskdefs.optional.junitlauncher.confined,JUnitLauncherTask,launchViaReflection,Long Statement
ant,org.apache.tools.ant.taskdefs.optional.junitlauncher.confined,JUnitLauncherTask,dumpProjectProperties,Long Statement
ant,org.apache.tools.ant.taskdefs.optional.junitlauncher.confined,JUnitLauncherTask,forkTest,Complex Method
ant,org.apache.tools.ant.taskdefs.optional.junitlauncher.confined,JUnitLauncherTask,executeForkedTest,Long Statement
ant,org.apache.tools.ant.taskdefs.optional.junitlauncher.confined,SingleTestClass,toForkedRepresentation,Complex Method
ant,org.apache.tools.ant.taskdefs.optional.junitlauncher.confined,TestClasses,toForkedRepresentation,Complex Method
ant,org.apache.tools.ant.taskdefs.optional.native2ascii,KaffeNative2Ascii,getN2aClass,Empty catch clause
ant,org.apache.tools.ant.taskdefs.optional.native2ascii,Native2AsciiAdapterFactory,getAdapter,Complex Conditional
ant,org.apache.tools.ant.taskdefs.optional.native2ascii,Native2AsciiAdapterFactory,resolveClassName,Long Statement
ant,org.apache.tools.ant.taskdefs.optional.net,FTP,scanRoots,Complex Conditional
ant,org.apache.tools.ant.taskdefs.optional.net,FTP,scanRoots,Complex Method
ant,org.apache.tools.ant.taskdefs.optional.net,FTP,scandir,Complex Conditional
ant,org.apache.tools.ant.taskdefs.optional.net,FTP,scandir,Complex Method
ant,org.apache.tools.ant.taskdefs.optional.net,FTP,checkRemoteSensitivity,Complex Conditional
ant,org.apache.tools.ant.taskdefs.optional.net,FTP,checkRemoteSensitivity,Complex Method
ant,org.apache.tools.ant.taskdefs.optional.net,FTP,checkRemoteSensitivity,Long Statement
ant,org.apache.tools.ant.taskdefs.optional.net,FTP,AntFTPFile,Complex Conditional
ant,org.apache.tools.ant.taskdefs.optional.net,FTP,getRelativePath,Long Statement
ant,org.apache.tools.ant.taskdefs.optional.net,FTP,isFunctioningAsDirectory,Long Statement
ant,org.apache.tools.ant.taskdefs.optional.net,FTP,isFunctioningAsDirectory,Long Statement
ant,org.apache.tools.ant.taskdefs.optional.net,FTP,checkAttributes,Complex Method
ant,org.apache.tools.ant.taskdefs.optional.net,FTP,transferFiles,Complex Conditional
ant,org.apache.tools.ant.taskdefs.optional.net,FTP,transferFiles,Complex Method
ant,org.apache.tools.ant.taskdefs.optional.net,FTP,transferFiles,Missing default
ant,org.apache.tools.ant.taskdefs.optional.net,FTP,createParents,Complex Method
ant,org.apache.tools.ant.taskdefs.optional.net,FTP,findFileName,Magic Number
ant,org.apache.tools.ant.taskdefs.optional.net,FTP,getFile,Complex Method
ant,org.apache.tools.ant.taskdefs.optional.net,FTP,makeRemoteDir,Complex Conditional
ant,org.apache.tools.ant.taskdefs.optional.net,FTP,makeRemoteDir,Complex Method
ant,org.apache.tools.ant.taskdefs.optional.net,FTP,handleMkDirFailure,Complex Conditional
ant,org.apache.tools.ant.taskdefs.optional.net,FTP,wakeUpTransferIntervalExpired,Magic Number
ant,org.apache.tools.ant.taskdefs.optional.net,FTP,execute,Complex Conditional
ant,org.apache.tools.ant.taskdefs.optional.net,FTP,execute,Complex Method
ant,org.apache.tools.ant.taskdefs.optional.net,FTP,execute,Empty catch clause
ant,org.apache.tools.ant.taskdefs.optional.net,FTP,execute,Empty catch clause
ant,org.apache.tools.ant.taskdefs.optional.net,FTP,execute,Long Method
ant,org.apache.tools.ant.taskdefs.optional.net,FTP,execute,Long Statement
ant,org.apache.tools.ant.taskdefs.optional.net,FTP,execute,Long Statement
ant,org.apache.tools.ant.taskdefs.optional.net,FTP,execute,Long Statement
ant,org.apache.tools.ant.taskdefs.optional.net,FTP,execute,Long Statement
ant,org.apache.tools.ant.taskdefs.optional.net,FTP,getAction,Complex Method
ant,org.apache.tools.ant.taskdefs.optional.net,FTP,getAction,Missing default
ant,org.apache.tools.ant.taskdefs.optional.net,FTPDirectoryScanner,scanRoots,Complex Conditional
ant,org.apache.tools.ant.taskdefs.optional.net,FTPDirectoryScanner,scanRoots,Complex Method
ant,org.apache.tools.ant.taskdefs.optional.net,FTPDirectoryScanner,scandir,Complex Conditional
ant,org.apache.tools.ant.taskdefs.optional.net,FTPDirectoryScanner,scandir,Complex Method
ant,org.apache.tools.ant.taskdefs.optional.net,FTPDirectoryScanner,checkRemoteSensitivity,Complex Conditional
ant,org.apache.tools.ant.taskdefs.optional.net,FTPDirectoryScanner,checkRemoteSensitivity,Complex Method
ant,org.apache.tools.ant.taskdefs.optional.net,FTPDirectoryScanner,checkRemoteSensitivity,Long Statement
ant,org.apache.tools.ant.taskdefs.optional.net,FTPDirectoryScanner,AntFTPFile,Complex Conditional
ant,org.apache.tools.ant.taskdefs.optional.net,FTPDirectoryScanner,getRelativePath,Long Statement
ant,org.apache.tools.ant.taskdefs.optional.net,AntFTPFile,AntFTPFile,Complex Conditional
ant,org.apache.tools.ant.taskdefs.optional.net,AntFTPFile,getRelativePath,Long Statement
ant,org.apache.tools.ant.taskdefs.optional.net,Action,getAction,Complex Method
ant,org.apache.tools.ant.taskdefs.optional.net,Action,getAction,Missing default
ant,org.apache.tools.ant.taskdefs.optional.net,FTPConfigurator,configure,Complex Method
ant,org.apache.tools.ant.taskdefs.optional.net,FTPConfigurator,configure,Long Statement
ant,org.apache.tools.ant.taskdefs.optional.net,FTPTask,checkAttributes,Complex Method
ant,org.apache.tools.ant.taskdefs.optional.net,FTPTask,mustSplit,Long Statement
ant,org.apache.tools.ant.taskdefs.optional.net,FTPTask,createMirror,Long Statement
ant,org.apache.tools.ant.taskdefs.optional.net,FTPTask,createMirror,Long Statement
ant,org.apache.tools.ant.taskdefs.optional.net,FTPTask,getAction,Complex Method
ant,org.apache.tools.ant.taskdefs.optional.net,Action,getAction,Complex Method
ant,org.apache.tools.ant.taskdefs.optional.net,FTPTaskMirrorImpl,scanRoot,Complex Conditional
ant,org.apache.tools.ant.taskdefs.optional.net,FTPTaskMirrorImpl,scanRoot,Complex Method
ant,org.apache.tools.ant.taskdefs.optional.net,FTPTaskMirrorImpl,scandir,Complex Conditional
ant,org.apache.tools.ant.taskdefs.optional.net,FTPTaskMirrorImpl,scandir,Complex Method
ant,org.apache.tools.ant.taskdefs.optional.net,FTPTaskMirrorImpl,checkRemoteSensitivity,Complex Conditional
ant,org.apache.tools.ant.taskdefs.optional.net,FTPTaskMirrorImpl,checkRemoteSensitivity,Complex Method
ant,org.apache.tools.ant.taskdefs.optional.net,FTPTaskMirrorImpl,checkRemoteSensitivity,Long Statement
ant,org.apache.tools.ant.taskdefs.optional.net,FTPTaskMirrorImpl,AntFTPFile,Complex Conditional
ant,org.apache.tools.ant.taskdefs.optional.net,FTPTaskMirrorImpl,transferFiles,Complex Conditional
ant,org.apache.tools.ant.taskdefs.optional.net,FTPTaskMirrorImpl,transferFiles,Complex Method
ant,org.apache.tools.ant.taskdefs.optional.net,FTPTaskMirrorImpl,transferFiles,Missing default
ant,org.apache.tools.ant.taskdefs.optional.net,FTPTaskMirrorImpl,transferFiles,Long Statement
ant,org.apache.tools.ant.taskdefs.optional.net,FTPTaskMirrorImpl,transferFiles,Long Statement
ant,org.apache.tools.ant.taskdefs.optional.net,FTPTaskMirrorImpl,createParents,Complex Method
ant,org.apache.tools.ant.taskdefs.optional.net,FTPTaskMirrorImpl,findFileName,Magic Number
ant,org.apache.tools.ant.taskdefs.optional.net,FTPTaskMirrorImpl,getFile,Complex Method
ant,org.apache.tools.ant.taskdefs.optional.net,FTPTaskMirrorImpl,makeRemoteDir,Complex Conditional
ant,org.apache.tools.ant.taskdefs.optional.net,FTPTaskMirrorImpl,makeRemoteDir,Complex Method
ant,org.apache.tools.ant.taskdefs.optional.net,FTPTaskMirrorImpl,handleMkDirFailure,Complex Conditional
ant,org.apache.tools.ant.taskdefs.optional.net,FTPTaskMirrorImpl,doFTP,Complex Conditional
ant,org.apache.tools.ant.taskdefs.optional.net,FTPTaskMirrorImpl,doFTP,Complex Method
ant,org.apache.tools.ant.taskdefs.optional.net,FTPTaskMirrorImpl,doFTP,Empty catch clause
ant,org.apache.tools.ant.taskdefs.optional.net,FTPTaskMirrorImpl,doFTP,Long Statement
ant,org.apache.tools.ant.taskdefs.optional.net,FTPTaskMirrorImpl,doFTP,Long Statement
ant,org.apache.tools.ant.taskdefs.optional.net,FTPTaskMirrorImpl,doFTP,Long Statement
ant,org.apache.tools.ant.taskdefs.optional.net,FTPTaskMirrorImpl,doFTP,Long Statement
ant,org.apache.tools.ant.taskdefs.optional.net,FTPTaskMirrorImpl,doFTP,Long Statement
ant,org.apache.tools.ant.taskdefs.optional.net,FTPDirectoryScanner,scanRoot,Complex Conditional
ant,org.apache.tools.ant.taskdefs.optional.net,FTPDirectoryScanner,scanRoot,Complex Method
ant,org.apache.tools.ant.taskdefs.optional.net,FTPDirectoryScanner,scandir,Complex Conditional
ant,org.apache.tools.ant.taskdefs.optional.net,FTPDirectoryScanner,scandir,Complex Method
ant,org.apache.tools.ant.taskdefs.optional.net,FTPDirectoryScanner,checkRemoteSensitivity,Complex Conditional
ant,org.apache.tools.ant.taskdefs.optional.net,FTPDirectoryScanner,checkRemoteSensitivity,Complex Method
ant,org.apache.tools.ant.taskdefs.optional.net,FTPDirectoryScanner,checkRemoteSensitivity,Long Statement
ant,org.apache.tools.ant.taskdefs.optional.net,FTPDirectoryScanner,AntFTPFile,Complex Conditional
ant,org.apache.tools.ant.taskdefs.optional.net,AntFTPFile,AntFTPFile,Complex Conditional
ant,org.apache.tools.ant.taskdefs.optional.net,RExecTask,waitForEOF,Complex Method
ant,org.apache.tools.ant.taskdefs.optional.net,RExecTask,execute,Complex Conditional
ant,org.apache.tools.ant.taskdefs.optional.net,AntRExecClient,waitForEOF,Complex Method
ant,org.apache.tools.ant.taskdefs.optional.net,SetProxy,applyWebProxySettings,Complex Method
ant,org.apache.tools.ant.taskdefs.optional.net,TelnetTask,execute,Complex Method
ant,org.apache.tools.ant.taskdefs.optional.net,FTPTest,tearDown,Empty catch clause
ant,org.apache.tools.ant.taskdefs.optional.net,FTPTest,test2,Long Statement
ant,org.apache.tools.ant.taskdefs.optional.net,FTPTest,test3,Long Statement
ant,org.apache.tools.ant.taskdefs.optional.net,FTPTest,test2ButCaseInsensitive,Long Statement
ant,org.apache.tools.ant.taskdefs.optional.net,FTPTest,testGetFollowSymlinksTrue,Long Statement
ant,org.apache.tools.ant.taskdefs.optional.net,FTPTest,testPatternsDifferInCaseScanningSensitive,Long Statement
ant,org.apache.tools.ant.taskdefs.optional.net,FTPTest,testPatternsDifferInCaseScanningInsensitive,Long Statement
ant,org.apache.tools.ant.taskdefs.optional.net,FTPTest,testParentDiffersInCaseScanningSensitive,Long Statement
ant,org.apache.tools.ant.taskdefs.optional.net,FTPTest,testParentDiffersInCaseScanningInsensitive,Long Statement
ant,org.apache.tools.ant.taskdefs.optional.net,FTPTest,testChildrenOfExcludedDirectory,Long Statement
ant,org.apache.tools.ant.taskdefs.optional.net,FTPTest,testTimezoneGet,Magic Number
ant,org.apache.tools.ant.taskdefs.optional.net,FTPTest,performConfigTest,Long Statement
ant,org.apache.tools.ant.taskdefs.optional.net,FTPTest,twoFailureFTP,Magic Number
ant,org.apache.tools.ant.taskdefs.optional.net,FTPTest,threeFailureFTP,Magic Number
ant,org.apache.tools.ant.taskdefs.optional.net,twoFailureFTP,twoFailureFTP,Magic Number
ant,org.apache.tools.ant.taskdefs.optional.net,threeFailureFTP,threeFailureFTP,Magic Number
ant,org.apache.tools.ant.taskdefs.optional.pvcs,Pvcs,execute,Complex Method
ant,org.apache.tools.ant.taskdefs.optional.pvcs,Pvcs,execute,Long Method
ant,org.apache.tools.ant.taskdefs.optional.pvcs,Pvcs,execute,Long Statement
ant,org.apache.tools.ant.taskdefs.optional.pvcs,Pvcs,createFolders,Complex Conditional
ant,org.apache.tools.ant.taskdefs.optional.pvcs,Pvcs,createFolders,Long Statement
ant,org.apache.tools.ant.taskdefs.optional.pvcs,Pvcs,massagePCLI,Long Statement
ant,org.apache.tools.ant.taskdefs.optional.script,ScriptDef,execute,Complex Method
ant,org.apache.tools.ant.taskdefs.optional.script,ScriptDefTest,testSimple,Long Statement
ant,org.apache.tools.ant.taskdefs.optional.script,ScriptDefTest,testNestedByClassName,Long Statement
ant,org.apache.tools.ant.taskdefs.optional.script,ScriptDefTest,testProperty,Long Statement
ant,org.apache.tools.ant.taskdefs.optional.script,ScriptDefTest,testUseCompiled,Long Statement
ant,org.apache.tools.ant.taskdefs.optional.sos,SOSTest,testGetFileFlags,Long Statement
ant,org.apache.tools.ant.taskdefs.optional.sos,SOSTest,testGetProjectFlags,Long Statement
ant,org.apache.tools.ant.taskdefs.optional.sos,SOSTest,testCheckinFileFlags,Long Statement
ant,org.apache.tools.ant.taskdefs.optional.sos,SOSTest,testCheckinProjectFlags,Long Statement
ant,org.apache.tools.ant.taskdefs.optional.sos,SOSTest,testCheckoutFileFlags,Long Statement
ant,org.apache.tools.ant.taskdefs.optional.sos,SOSTest,testCheckoutProjectFlags,Long Statement
ant,org.apache.tools.ant.taskdefs.optional.sos,SOSTest,testLabelFlags,Long Statement
ant,org.apache.tools.ant.taskdefs.optional.sound,AntSoundPlayer,playClip,Magic Number
ant,org.apache.tools.ant.taskdefs.optional.sound,AntSoundPlayer,playClip,Empty catch clause
ant,org.apache.tools.ant.taskdefs.optional.splash,SplashScreen,init,Magic Number
ant,org.apache.tools.ant.taskdefs.optional.splash,SplashScreen,init,Magic Number
ant,org.apache.tools.ant.taskdefs.optional.splash,SplashScreen,messageLogged,Magic Number
ant,org.apache.tools.ant.taskdefs.optional.splash,SplashTask,execute,Complex Conditional
ant,org.apache.tools.ant.taskdefs.optional.splash,SplashTask,execute,Complex Method
ant,org.apache.tools.ant.taskdefs.optional.splash,SplashTask,execute,Empty catch clause
ant,org.apache.tools.ant.taskdefs.optional.splash,SplashTask,logHeadless,Long Statement
ant,org.apache.tools.ant.taskdefs.optional.splash,SplashScreenTest,main,Magic Number
ant,org.apache.tools.ant.taskdefs.optional.splash,SplashScreenTest,main,Magic Number
ant,org.apache.tools.ant.taskdefs.optional.ssh,AbstractSshMessage,waitForAck,Magic Number
ant,org.apache.tools.ant.taskdefs.optional.ssh,AbstractSshMessage,logStats,Long Statement
ant,org.apache.tools.ant.taskdefs.optional.ssh,AbstractSshMessage,logStats,Magic Number
ant,org.apache.tools.ant.taskdefs.optional.ssh,AbstractSshMessage,trackProgress,Magic Number
ant,org.apache.tools.ant.taskdefs.optional.ssh,AbstractSshMessage,trackProgress,Magic Number
ant,org.apache.tools.ant.taskdefs.optional.ssh,AbstractSshMessage,trackProgress,Magic Number
ant,org.apache.tools.ant.taskdefs.optional.ssh,AbstractSshMessage,trackProgress,Magic Number
ant,org.apache.tools.ant.taskdefs.optional.ssh,AbstractSshMessage,trackProgress,Magic Number
ant,org.apache.tools.ant.taskdefs.optional.ssh,AbstractSshMessage,trackProgress,Magic Number
ant,org.apache.tools.ant.taskdefs.optional.ssh,Scp,validateRemoteUri,Long Statement
ant,org.apache.tools.ant.taskdefs.optional.ssh,Scp,setFileMode,Magic Number
ant,org.apache.tools.ant.taskdefs.optional.ssh,Scp,setDirMode,Magic Number
ant,org.apache.tools.ant.taskdefs.optional.ssh,Scp,execute,Complex Method
ant,org.apache.tools.ant.taskdefs.optional.ssh,Scp,download,Long Statement
ant,org.apache.tools.ant.taskdefs.optional.ssh,Scp,download,Long Statement
ant,org.apache.tools.ant.taskdefs.optional.ssh,Scp,upload,Complex Method
ant,org.apache.tools.ant.taskdefs.optional.ssh,Scp,parseUri,Long Statement
ant,org.apache.tools.ant.taskdefs.optional.ssh,Scp,createDirectoryCollection,Complex Method
ant,org.apache.tools.ant.taskdefs.optional.ssh,ScpFromMessage,ScpFromMessage,Long Parameter List
ant,org.apache.tools.ant.taskdefs.optional.ssh,ScpFromMessage,ScpFromMessage,Long Parameter List
ant,org.apache.tools.ant.taskdefs.optional.ssh,ScpFromMessage,ScpFromMessage,Long Parameter List
ant,org.apache.tools.ant.taskdefs.optional.ssh,ScpFromMessage,startRemoteCpProtocol,Complex Method
ant,org.apache.tools.ant.taskdefs.optional.ssh,ScpFromMessage,setLastModified,Magic Number
ant,org.apache.tools.ant.taskdefs.optional.ssh,ScpFromMessageBySftp,ScpFromMessageBySftp,Long Parameter List
ant,org.apache.tools.ant.taskdefs.optional.ssh,ScpFromMessageBySftp,ScpFromMessageBySftp,Long Parameter List
ant,org.apache.tools.ant.taskdefs.optional.ssh,ScpFromMessageBySftp,execute,Empty catch clause
ant,org.apache.tools.ant.taskdefs.optional.ssh,ScpFromMessageBySftp,getFile,Magic Number
ant,org.apache.tools.ant.taskdefs.optional.ssh,ScpToMessage,ScpToMessage,Long Parameter List
ant,org.apache.tools.ant.taskdefs.optional.ssh,ScpToMessage,ScpToMessage,Long Parameter List
ant,org.apache.tools.ant.taskdefs.optional.ssh,ScpToMessage,ScpToMessage,Long Parameter List
ant,org.apache.tools.ant.taskdefs.optional.ssh,ScpToMessage,ScpToMessage,Long Parameter List
ant,org.apache.tools.ant.taskdefs.optional.ssh,ScpToMessage,sendFileToRemote,Magic Number
ant,org.apache.tools.ant.taskdefs.optional.ssh,ScpToMessage,sendFileToRemote,Magic Number
ant,org.apache.tools.ant.taskdefs.optional.ssh,ScpToMessageBySftp,ScpToMessageBySftp,Long Parameter List
ant,org.apache.tools.ant.taskdefs.optional.ssh,ScpToMessageBySftp,ScpToMessageBySftp,Long Parameter List
ant,org.apache.tools.ant.taskdefs.optional.ssh,ScpToMessageBySftp,sendFileToRemote,Complex Method
ant,org.apache.tools.ant.taskdefs.optional.ssh,ScpToMessageBySftp,sendFileToRemote,Magic Number
ant,org.apache.tools.ant.taskdefs.optional.ssh,SSHBase,loadSshConfig,Complex Conditional
ant,org.apache.tools.ant.taskdefs.optional.ssh,SSHBase,openSession,Magic Number
ant,org.apache.tools.ant.taskdefs.optional.ssh,SSHExec,execute,Complex Method
ant,org.apache.tools.ant.taskdefs.optional.ssh,SSHExec,executeCommand,Complex Method
ant,org.apache.tools.ant.taskdefs.optional.ssh,SSHExec,executeCommand,Empty catch clause
ant,org.apache.tools.ant.taskdefs.optional.ssh,SSHExec,executeCommand,Long Method
ant,org.apache.tools.ant.taskdefs.optional.ssh,SSHExec,executeCommand,Long Statement
ant,org.apache.tools.ant.taskdefs.optional.ssh,SSHExec,writeToFile,Long Statement
ant,org.apache.tools.ant.taskdefs.optional.ssh,SSHSession,setLocaltunnels,Magic Number
ant,org.apache.tools.ant.taskdefs.optional.ssh,SSHSession,setLocaltunnels,Magic Number
ant,org.apache.tools.ant.taskdefs.optional.ssh,SSHSession,setRemotetunnels,Magic Number
ant,org.apache.tools.ant.taskdefs.optional.ssh,SSHSession,setRemotetunnels,Magic Number
ant,org.apache.tools.ant.taskdefs.optional.ssh,SSHSession,execute,Complex Method
ant,org.apache.tools.ant.taskdefs.optional.ssh,SSHUserInfo,promptKeyboardInteractive,Complex Conditional
ant,org.apache.tools.ant.taskdefs.optional.ssh,SSHUserInfo,promptKeyboardInteractive,Long Parameter List
ant,org.apache.tools.ant.taskdefs.optional.ssh,ScpTest,testMultiUploadAndDownload,Magic Number
ant,org.apache.tools.ant.taskdefs.optional.ssh,ScpTest,testMultiResourceCollectionUpload,Magic Number
ant,org.apache.tools.ant.taskdefs.optional.testing,Funtest,execute,Complex Method
ant,org.apache.tools.ant.taskdefs.optional.testing,Funtest,execute,Long Identifier
ant,org.apache.tools.ant.taskdefs.optional.testing,Funtest,processExceptions,Complex Method
ant,org.apache.tools.ant.taskdefs.optional.unix,Symlink,recreate,Long Statement
ant,org.apache.tools.ant.taskdefs.optional.unix,Symlink,doLink,Long Statement
ant,org.apache.tools.ant.taskdefs.optional.vss,MSVSS,setVsspath,Magic Number
ant,org.apache.tools.ant.taskdefs.optional.vss,MSVSS,getShortLabel,Magic Number
ant,org.apache.tools.ant.taskdefs.optional.vss,MSVSS,getShortLabel,Magic Number
ant,org.apache.tools.ant.taskdefs.optional.vss,MSVSS,getVersionLabel,Complex Method
ant,org.apache.tools.ant.taskdefs.optional.vss,MSVSS,getVersionLabel,Magic Number
ant,org.apache.tools.ant.taskdefs.optional.vss,MSVSS,getVersionLabel,Magic Number
ant,org.apache.tools.ant.taskdefs.optional.vss,MSVSS,getVersionLabel,Magic Number
ant,org.apache.tools.ant.taskdefs.optional.vss,MSVSS,getVersionLabel,Magic Number
ant,org.apache.tools.ant.taskdefs.optional.vss,MSVSS,getVersionLabel,Magic Number
ant,org.apache.tools.ant.taskdefs.optional.vss,MSVSS,getVersionLabel,Magic Number
ant,org.apache.tools.ant.taskdefs.optional.vss,MSVSS,getVersionLabel,Magic Number
ant,org.apache.tools.ant.taskdefs.optional.vss,MSVSS,getVersionLabel,Magic Number
ant,org.apache.tools.ant.taskdefs.optional.vss,MSVSS,getVersionDate,Complex Conditional
ant,org.apache.tools.ant.taskdefs.optional.vss,MSVSSHISTORY,setStyle,Missing default
ant,org.apache.tools.ant.taskdefs.optional.vss,MSVSSTest,testGetCommandLine,Long Statement
ant,org.apache.tools.ant.taskdefs.optional.vss,MSVSSTest,testLabelCommandLine1,Long Statement
ant,org.apache.tools.ant.taskdefs.optional.vss,MSVSSTest,testLabelCommandLine2,Long Statement
ant,org.apache.tools.ant.taskdefs.optional.vss,MSVSSTest,testHistoryCommandLine1,Long Statement
ant,org.apache.tools.ant.taskdefs.optional.vss,MSVSSTest,testHistoryCommandLine2,Long Statement
ant,org.apache.tools.ant.taskdefs.optional.vss,MSVSSTest,testHistoryCommandLine3,Long Statement
ant,org.apache.tools.ant.taskdefs.optional.vss,MSVSSTest,testCheckinCommandLine,Long Statement
ant,org.apache.tools.ant.taskdefs.optional.vss,MSVSSTest,testCheckoutCommandLine,Long Statement
ant,org.apache.tools.ant.taskdefs.optional.vss,MSVSSTest,testAddCommandLine,Long Statement
ant,org.apache.tools.ant.taskdefs.optional.vss,MSVSSTest,testCpCommandLine,Long Statement
ant,org.apache.tools.ant.taskdefs.optional.vss,MSVSSTest,testCreateCommandLine,Long Statement
ant,org.apache.tools.ant.taskdefs.optional.xz,Unxz,extract,Long Statement
ant,org.apache.tools.ant.taskdefs.rmic,DefaultRmicAdapter,setupRmicCommand,Complex Method
ant,org.apache.tools.ant.taskdefs.rmic,DefaultRmicAdapter,addStubVersionOptions,Complex Conditional
ant,org.apache.tools.ant.taskdefs.rmic,DefaultRmicAdapter,logAndAddFilesToCompile,Long Statement
ant,org.apache.tools.ant.taskdefs.rmic,DefaultRmicAdapter,mapFileName,Complex Conditional
ant,org.apache.tools.ant.taskdefs.rmic,DefaultRmicAdapter,mapFileName,Complex Method
ant,org.apache.tools.ant.taskdefs.rmic,DefaultRmicAdapter,mapFileName,Long Statement
ant,org.apache.tools.ant.taskdefs.rmic,DefaultRmicAdapter,mapFileName,Long Statement
ant,org.apache.tools.ant.taskdefs.rmic,RmicFileNameMapper,mapFileName,Complex Conditional
ant,org.apache.tools.ant.taskdefs.rmic,RmicFileNameMapper,mapFileName,Complex Method
ant,org.apache.tools.ant.taskdefs.rmic,RmicFileNameMapper,mapFileName,Long Statement
ant,org.apache.tools.ant.taskdefs.rmic,RmicFileNameMapper,mapFileName,Long Statement
ant,org.apache.tools.ant.taskdefs.rmic,ForkingSunRmic,areIiopAndIdlSupported,Long Statement
ant,org.apache.tools.ant.taskdefs.rmic,ForkingSunRmic,execute,Long Statement
ant,org.apache.tools.ant.taskdefs.rmic,KaffeRmic,getRmicClass,Empty catch clause
ant,org.apache.tools.ant.taskdefs.rmic,RmicAdapterFactory,getRmic,Complex Method
ant,org.apache.tools.ant.taskdefs.rmic,RmicAdapterFactory,resolveClassName,Long Statement
ant,org.apache.tools.ant.taskdefs.rmic,SunRmic,execute,Long Identifier
ant,org.apache.tools.ant.types,AbstractFileSet,hasPatterns,Long Statement
ant,org.apache.tools.ant.types,AbstractFileSet,clone,Long Statement
ant,org.apache.tools.ant.types,AbstractFileSet,dieOnCircularReference,Long Statement
ant,org.apache.tools.ant.types,AntFilterReader,setRefid,Complex Conditional
ant,org.apache.tools.ant.types,ArchiveFileSet,checkArchiveAttributesAllowed,Complex Conditional
ant,org.apache.tools.ant.types,ArchiveFileSet,checkArchiveAttributesAllowed,Long Statement
ant,org.apache.tools.ant.types,ArchiveScanner,scan,Complex Conditional
ant,org.apache.tools.ant.types,ArchiveScanner,fillMapsFromArchive,Long Parameter List
ant,org.apache.tools.ant.types,ArchiveScanner,scanme,Complex Conditional
ant,org.apache.tools.ant.types,ArchiveScanner,scanme,Long Statement
ant,org.apache.tools.ant.types,Commandline,getParts,Complex Conditional
ant,org.apache.tools.ant.types,Commandline,getPosition,Long Statement
ant,org.apache.tools.ant.types,Commandline,setExecutable,Long Statement
ant,org.apache.tools.ant.types,Commandline,getArguments,Magic Number
ant,org.apache.tools.ant.types,Commandline,quoteArgument,Complex Conditional
ant,org.apache.tools.ant.types,Commandline,translateCommandline,Complex Method
ant,org.apache.tools.ant.types,Commandline,translateCommandline,Magic Number
ant,org.apache.tools.ant.types,Commandline,translateCommandline,Missing default
ant,org.apache.tools.ant.types,Argument,getParts,Complex Conditional
ant,org.apache.tools.ant.types,Marker,getPosition,Long Statement
ant,org.apache.tools.ant.types,CommandlineJava,setClassname,Long Statement
ant,org.apache.tools.ant.types,CommandlineJava,getClassname,Missing default
ant,org.apache.tools.ant.types,CommandlineJava,setModule,Long Statement
ant,org.apache.tools.ant.types,CommandlineJava,setModule,Missing default
ant,org.apache.tools.ant.types,CommandlineJava,addCommandsToList,Complex Method
ant,org.apache.tools.ant.types,CommandlineJava,size,Magic Number
ant,org.apache.tools.ant.types,CommandlineJava,parseClassFromModuleClassPair,Magic Number
ant,org.apache.tools.ant.types,FilterSet,replaceTokens,Complex Conditional
ant,org.apache.tools.ant.types,FilterSet,replaceTokens,Complex Method
ant,org.apache.tools.ant.types,FilterSet,replaceTokens,Long Statement
ant,org.apache.tools.ant.types,FilterSet,handleMissingFile,Missing default
ant,org.apache.tools.ant.types,Mapper,setRefid,Complex Conditional
ant,org.apache.tools.ant.types,Mapper,getImplementation,Complex Conditional
ant,org.apache.tools.ant.types,Mapper,getImplementation,Complex Method
ant,org.apache.tools.ant.types,Path,addExisting,Complex Conditional
ant,org.apache.tools.ant.types,Path,addExisting,Long Statement
ant,org.apache.tools.ant.types,Path,concatSpecialPath,Long Statement
ant,org.apache.tools.ant.types,Path,addJavaRuntime,Long Statement
ant,org.apache.tools.ant.types,Path,addJavaRuntime,Long Statement
ant,org.apache.tools.ant.types,Path,addJavaRuntime,Long Statement
ant,org.apache.tools.ant.types,Path,addJavaRuntime,Long Statement
ant,org.apache.tools.ant.types,PatternSet,readPatterns,Long Statement
ant,org.apache.tools.ant.types,PatternSet,readPatterns,Long Statement
ant,org.apache.tools.ant.types,PatternSet,makeArray,Long Statement
ant,org.apache.tools.ant.types,PatternSet,readFiles,Complex Method
ant,org.apache.tools.ant.types,Permissions,createPermission,Long Statement
ant,org.apache.tools.ant.types,PropertySet,getAllSystemProperties,Long Statement
ant,org.apache.tools.ant.types,PropertySet,addPropertyNames,Complex Method
ant,org.apache.tools.ant.types,PropertySet,addPropertyNames,Missing default
ant,org.apache.tools.ant.types,PropertySet,toString,Long Statement
ant,org.apache.tools.ant.types,PropertySet,iterator,Long Statement
ant,org.apache.tools.ant.types,Quantifier,get,Long Statement
ant,org.apache.tools.ant.types,RedirectorElement,setRefid,Complex Conditional
ant,org.apache.tools.ant.types,RedirectorElement,setRefid,Long Statement
ant,org.apache.tools.ant.types,RedirectorElement,configure,Complex Method
ant,org.apache.tools.ant.types,RedirectorElement,dieOnCircularReference,Complex Method
ant,org.apache.tools.ant.types,RedirectorElement,dieOnCircularReference,Long Statement
ant,org.apache.tools.ant.types,Resource,Resource,Long Parameter List
ant,org.apache.tools.ant.types,Resource,clone,Long Statement
ant,org.apache.tools.ant.types,Resource,setRefid,Complex Conditional
ant,org.apache.tools.ant.types,TarFileSet,setRefid,Complex Conditional
ant,org.apache.tools.ant.types,TarFileSet,checkTarFileSetAttributesAllowed,Complex Conditional
ant,org.apache.tools.ant.types,TarScanner,fillMapsFromArchive,Long Parameter List
ant,org.apache.tools.ant.types,XMLCatalog,filesystemLookup,Empty catch clause
ant,org.apache.tools.ant.types,XMLCatalog,urlLookup,Empty catch clause
ant,org.apache.tools.ant.types,XMLCatalog,resolveEntity,Long Statement
ant,org.apache.tools.ant.types,XMLCatalog,resolve,Empty catch clause
ant,org.apache.tools.ant.types,XMLCatalog,resolve,Long Statement
ant,org.apache.tools.ant.types,XMLCatalog,resolveEntity,Long Statement
ant,org.apache.tools.ant.types,XMLCatalog,resolve,Empty catch clause
ant,org.apache.tools.ant.types,XMLCatalog,resolve,Long Statement
ant,org.apache.tools.ant.types,InternalResolver,resolveEntity,Long Statement
ant,org.apache.tools.ant.types,InternalResolver,resolve,Empty catch clause
ant,org.apache.tools.ant.types,InternalResolver,resolve,Long Statement
ant,org.apache.tools.ant.types,ExternalResolver,resolveEntity,Long Statement
ant,org.apache.tools.ant.types,ExternalResolver,resolve,Empty catch clause
ant,org.apache.tools.ant.types,ExternalResolver,resolve,Long Statement
ant,org.apache.tools.ant.types,ZipScanner,fillMapsFromArchive,Long Parameter List
ant,org.apache.tools.ant.types,ZipScanner,fillMapsFromArchive,Long Statement
ant,org.apache.tools.ant.types,CommandlineJavaTest,testGetCommandline,Magic Number
ant,org.apache.tools.ant.types,CommandlineJavaTest,testGetCommandline,Magic Number
ant,org.apache.tools.ant.types,CommandlineJavaTest,testGetCommandline,Magic Number
ant,org.apache.tools.ant.types,CommandlineJavaTest,testGetCommandline,Magic Number
ant,org.apache.tools.ant.types,CommandlineJavaTest,testGetCommandline,Magic Number
ant,org.apache.tools.ant.types,CommandlineJavaTest,testGetCommandline,Magic Number
ant,org.apache.tools.ant.types,CommandlineJavaTest,testGetCommandline,Magic Number
ant,org.apache.tools.ant.types,CommandlineJavaTest,testGetCommandline,Magic Number
ant,org.apache.tools.ant.types,CommandlineJavaTest,testGetCommandline,Magic Number
ant,org.apache.tools.ant.types,CommandlineJavaTest,testJarOption,Magic Number
ant,org.apache.tools.ant.types,CommandlineJavaTest,testJarOption,Magic Number
ant,org.apache.tools.ant.types,CommandlineJavaTest,testJarOption,Magic Number
ant,org.apache.tools.ant.types,CommandlineJavaTest,testJarOption,Magic Number
ant,org.apache.tools.ant.types,CommandlineJavaTest,testAssertions,Long Statement
ant,org.apache.tools.ant.types,CommandlineJavaTest,testAssertions,Magic Number
ant,org.apache.tools.ant.types,CommandlineTest,testTokenizer,Magic Number
ant,org.apache.tools.ant.types,CommandlineTest,testTokenizer,Magic Number
ant,org.apache.tools.ant.types,CommandlineTest,testTokenizer,Magic Number
ant,org.apache.tools.ant.types,CommandlineTest,testTokenizer,Magic Number
ant,org.apache.tools.ant.types,CommandlineTest,testTokenizer,Magic Number
ant,org.apache.tools.ant.types,CommandlineTest,testTokenizer,Magic Number
ant,org.apache.tools.ant.types,CommandlineTest,testTokenizer,Magic Number
ant,org.apache.tools.ant.types,CommandlineTest,testTokenizer,Magic Number
ant,org.apache.tools.ant.types,CommandlineTest,testTokenizer,Magic Number
ant,org.apache.tools.ant.types,CommandlineTest,testTokenizer,Magic Number
ant,org.apache.tools.ant.types,CommandlineTest,testTokenizer,Magic Number
ant,org.apache.tools.ant.types,CommandlineTest,testTokenizer,Magic Number
ant,org.apache.tools.ant.types,CommandlineTest,testTokenizer,Magic Number
ant,org.apache.tools.ant.types,CommandlineTest,testAwkCommand,Magic Number
ant,org.apache.tools.ant.types,CommandlineTest,testPrefixSuffixLine,Magic Number
ant,org.apache.tools.ant.types,DescriptionTest,targets,Long Statement
ant,org.apache.tools.ant.types,FilterSetTest,testNestedFilterSets,Magic Number
ant,org.apache.tools.ant.types,FilterSetTest,compareFiles,Complex Conditional
ant,org.apache.tools.ant.types,MapperTest,testNested,Magic Number
ant,org.apache.tools.ant.types,MapperTest,testChained,Magic Number
ant,org.apache.tools.ant.types,PathTest,testConstructorUnixStyle,Magic Number
ant,org.apache.tools.ant.types,PathTest,testRelativePathUnixStyle,Magic Number
ant,org.apache.tools.ant.types,PathTest,testConstructorWindowsStyleTwoItemsNoDrive,Magic Number
ant,org.apache.tools.ant.types,PathTest,testConstructorWindowsStyle,Magic Number
ant,org.apache.tools.ant.types,PathTest,testConstructorWindowsStyleTwoItems,Magic Number
ant,org.apache.tools.ant.types,PathTest,testConstructorWindowsStyleTwoItems,Magic Number
ant,org.apache.tools.ant.types,PathTest,testConstructorWindowsStyleTwoItems,Magic Number
ant,org.apache.tools.ant.types,PathTest,testConstructorWindowsStyleTwoItems,Magic Number
ant,org.apache.tools.ant.types,PathTest,testConstructorWindowsStyleTwoItems,Magic Number
ant,org.apache.tools.ant.types,PathTest,testConstructorWindowsStyleUnixFS,Magic Number
ant,org.apache.tools.ant.types,PathTest,testConstructorWindowsStyleUnixFSTwoItems,Magic Number
ant,org.apache.tools.ant.types,PathTest,testConstructorWindowsStyleUnixFSTwoItems,Magic Number
ant,org.apache.tools.ant.types,PathTest,testConstructorWindowsStyleUnixFSTwoItems,Magic Number
ant,org.apache.tools.ant.types,PathTest,testConstructorWindowsStyleUnixFSTwoItems,Magic Number
ant,org.apache.tools.ant.types,PathTest,testConstructorWindowsStyleUnixFSTwoItems,Magic Number
ant,org.apache.tools.ant.types,PathTest,testConstructorNetWareStyle,Magic Number
ant,org.apache.tools.ant.types,PathTest,testConstructorNetWareStyle,Magic Number
ant,org.apache.tools.ant.types,PathTest,testConstructorNetWareStyleTwoItems,Magic Number
ant,org.apache.tools.ant.types,PathTest,testConstructorNetWareStyleTwoItems,Magic Number
ant,org.apache.tools.ant.types,PathTest,testConstructorNetWareStyleTwoItems,Magic Number
ant,org.apache.tools.ant.types,PathTest,testConstructorNetWareStyleTwoItems,Magic Number
ant,org.apache.tools.ant.types,PathTest,testConstructorNetWareStyleTwoItems,Magic Number
ant,org.apache.tools.ant.types,PathTest,testConstructorNetWareStyleTwoItems,Magic Number
ant,org.apache.tools.ant.types,PathTest,testConstructorNetWareStyleTwoItems,Magic Number
ant,org.apache.tools.ant.types,PathTest,testConstructorNetWareStyleUnixFS,Magic Number
ant,org.apache.tools.ant.types,PathTest,testConstructorNetWareStyleUnixFS,Magic Number
ant,org.apache.tools.ant.types,PathTest,testConstructorNetWareStyleUnixFSTwoItems,Magic Number
ant,org.apache.tools.ant.types,PathTest,testConstructorNetWareStyleUnixFSTwoItems,Magic Number
ant,org.apache.tools.ant.types,PathTest,testConstructorNetWareStyleUnixFSTwoItems,Magic Number
ant,org.apache.tools.ant.types,PathTest,testConstructorNetWareStyleUnixFSTwoItems,Magic Number
ant,org.apache.tools.ant.types,PathTest,testConstructorNetWareStyleUnixFSTwoItems,Magic Number
ant,org.apache.tools.ant.types,PathTest,testConstructorNetWareStyleUnixFSTwoItems,Magic Number
ant,org.apache.tools.ant.types,PathTest,testConstructorNetWareStyleUnixFSTwoItems,Magic Number
ant,org.apache.tools.ant.types,PathTest,testConstructorNetWareStyleUnixPS,Magic Number
ant,org.apache.tools.ant.types,PathTest,testConstructorNetWareStyleUnixPS,Magic Number
ant,org.apache.tools.ant.types,PathTest,testConstructorNetWareStyleUnixPS,Magic Number
ant,org.apache.tools.ant.types,PathTest,testConstructorNetWareStyleUnixPS,Magic Number
ant,org.apache.tools.ant.types,PathTest,testConstructorNetWareStyleUnixPS,Magic Number
ant,org.apache.tools.ant.types,PathTest,testConstructorMixedStyle,Magic Number
ant,org.apache.tools.ant.types,PathTest,testConstructorMixedStyle,Magic Number
ant,org.apache.tools.ant.types,PathTest,testConstructorMixedStyle,Magic Number
ant,org.apache.tools.ant.types,PathTest,testConstructorMixedStyle,Magic Number
ant,org.apache.tools.ant.types,PathTest,testAppending,Magic Number
ant,org.apache.tools.ant.types,PathTest,testAppending,Magic Number
ant,org.apache.tools.ant.types,PathTest,testAppending,Magic Number
ant,org.apache.tools.ant.types,PathTest,testAppending,Magic Number
ant,org.apache.tools.ant.types,PathTest,testAppending,Magic Number
ant,org.apache.tools.ant.types,PermissionsTest,testExit,Magic Number
ant,org.apache.tools.ant.types,PermissionsTest,testExit,Magic Number
ant,org.apache.tools.ant.types,PolyTest,targets,Long Statement
ant,org.apache.tools.ant.types,TarFileSetTest,testAttributes,Long Statement
ant,org.apache.tools.ant.types,XMLCatalogTest,testEmptyCatalogResolve,Long Statement
ant,org.apache.tools.ant.types,XMLCatalogTest,testNonExistentEntry,Long Statement
ant,org.apache.tools.ant.types,ZipFileSetTest,testAttributes,Long Statement
ant,org.apache.tools.ant.types.optional.depend,DependScanner,scan,Long Statement
ant,org.apache.tools.ant.types.optional.depend,ClassFileSetTest,testBasicSet,Magic Number
ant,org.apache.tools.ant.types.optional.depend,ClassFileSetTest,testSmallSet,Magic Number
ant,org.apache.tools.ant.types.optional.depend,ClassFileSetTest,testMethodParam,Magic Number
ant,org.apache.tools.ant.types.optional.depend,ClassFileSetTest,testMethodParamInner,Long Statement
ant,org.apache.tools.ant.types.optional.depend,ClassFileSetTest,testMethodParamInner,Long Statement
ant,org.apache.tools.ant.types.optional.depend,ClassFileSetTest,testMethodParamInner,Long Statement
ant,org.apache.tools.ant.types.optional.depend,ClassFileSetTest,testMethodParamInner,Long Statement
ant,org.apache.tools.ant.types.optional.depend,ClassFileSetTest,testMethodParamInner,Magic Number
ant,org.apache.tools.ant.types.optional.image,Arc,executeDrawOperation,Long Statement
ant,org.apache.tools.ant.types.optional.image,Arc,executeDrawOperation,Magic Number
ant,org.apache.tools.ant.types.optional.image,Arc,executeDrawOperation,Magic Number
ant,org.apache.tools.ant.types.optional.image,ColorMapper,getColorByName,Complex Method
ant,org.apache.tools.ant.types.optional.image,ColorMapper,getColorByName,Missing default
ant,org.apache.tools.ant.types.optional.image,Rectangle,executeDrawOperation,Complex Method
ant,org.apache.tools.ant.types.optional.image,Rectangle,executeDrawOperation,Long Statement
ant,org.apache.tools.ant.types.optional.image,Rectangle,executeDrawOperation,Magic Number
ant,org.apache.tools.ant.types.optional.image,Rectangle,executeDrawOperation,Magic Number
ant,org.apache.tools.ant.types.optional.image,Rectangle,executeDrawOperation,Magic Number
ant,org.apache.tools.ant.types.optional.image,Rectangle,executeDrawOperation,Magic Number
ant,org.apache.tools.ant.types.optional.imageio,Arc,executeDrawOperation,Long Statement
ant,org.apache.tools.ant.types.optional.imageio,Arc,executeDrawOperation,Magic Number
ant,org.apache.tools.ant.types.optional.imageio,Arc,executeDrawOperation,Magic Number
ant,org.apache.tools.ant.types.optional.imageio,ColorMapper,getColorByName,Complex Method
ant,org.apache.tools.ant.types.optional.imageio,ColorMapper,getColorByName,Missing default
ant,org.apache.tools.ant.types.optional.imageio,Rectangle,executeDrawOperation,Complex Method
ant,org.apache.tools.ant.types.optional.imageio,Rectangle,executeDrawOperation,Magic Number
ant,org.apache.tools.ant.types.optional.imageio,Rectangle,executeDrawOperation,Magic Number
ant,org.apache.tools.ant.types.optional.imageio,Rectangle,executeDrawOperation,Magic Number
ant,org.apache.tools.ant.types.optional.imageio,Rectangle,executeDrawOperation,Magic Number
ant,org.apache.tools.ant.types.optional.imageio,Rotate,setAngle,Magic Number
ant,org.apache.tools.ant.types.optional.imageio,Rotate,performRotate,Long Statement
ant,org.apache.tools.ant.types.optional.imageio,Rotate,performRotate,Magic Number
ant,org.apache.tools.ant.types.optional.imageio,Rotate,getBoundingBox,Magic Number
ant,org.apache.tools.ant.types.optional.imageio,Rotate,getBoundingBox,Magic Number
ant,org.apache.tools.ant.types.optional.imageio,Rotate,getBoundingBox,Magic Number
ant,org.apache.tools.ant.types.optional.imageio,Rotate,getBoundingBox,Magic Number
ant,org.apache.tools.ant.types.optional.imageio,Rotate,getBoundingBox,Magic Number
ant,org.apache.tools.ant.types.optional.imageio,Scale,performScale,Long Statement
ant,org.apache.tools.ant.types.resources,AbstractClasspathResource,getInputStream,Long Statement
ant,org.apache.tools.ant.types.resources,Difference,getCollection,Long Statement
ant,org.apache.tools.ant.types.resources,Difference,getCollection,Magic Number
ant,org.apache.tools.ant.types.resources,FileResource,setFile,Complex Conditional
ant,org.apache.tools.ant.types.resources,FileResource,equals,Long Statement
ant,org.apache.tools.ant.types.resources,Files,hasPatterns,Long Statement
ant,org.apache.tools.ant.types.resources,Intersect,getCollection,Long Statement
ant,org.apache.tools.ant.types.resources,Intersect,getCollection,Magic Number
ant,org.apache.tools.ant.types.resources,JavaResource,compareTo,Complex Method
ant,org.apache.tools.ant.types.resources,Last,getCollection,Complex Conditional
ant,org.apache.tools.ant.types.resources,MappedResourceCollection,getCollection,Long Statement
ant,org.apache.tools.ant.types.resources,ResourceDecorator,hashCode,Magic Number
ant,org.apache.tools.ant.types.resources,ResourceList,open,Long Statement
ant,org.apache.tools.ant.types.resources,ResourceList,parse,Empty catch clause
ant,org.apache.tools.ant.types.resources,Tokens,getCollection,Long Statement
ant,org.apache.tools.ant.types.resources,URLResource,setRefid,Complex Conditional
ant,org.apache.tools.ant.types.resources,URLResource,isExists,Magic Number
ant,org.apache.tools.ant.types.resources,FileResourceTest,setUp,Long Statement
ant,org.apache.tools.ant.types.resources,LazyResourceCollectionTest,size,Magic Number
ant,org.apache.tools.ant.types.resources,LazyResourceCollectionTest,next,Magic Number
ant,org.apache.tools.ant.types.resources,LazyResourceCollectionTest,hasNext,Magic Number
ant,org.apache.tools.ant.types.resources,LazyResourceCollectionTest,testLazyLoading,Magic Number
ant,org.apache.tools.ant.types.resources,LazyResourceCollectionTest,testLazyLoading,Magic Number
ant,org.apache.tools.ant.types.resources,LazyResourceCollectionTest,testLazyLoading,Magic Number
ant,org.apache.tools.ant.types.resources,LazyResourceCollectionTest,testCaching,Magic Number
ant,org.apache.tools.ant.types.resources,LazyResourceCollectionTest,testCaching,Magic Number
ant,org.apache.tools.ant.types.resources,LazyResourceCollectionTest,testCaching,Magic Number
ant,org.apache.tools.ant.types.resources,LazyResourceCollectionTest,testCaching,Magic Number
ant,org.apache.tools.ant.types.resources,LazyResourceCollectionTest,testCaching,Magic Number
ant,org.apache.tools.ant.types.resources,LazyResourceCollectionTest,testCaching,Magic Number
ant,org.apache.tools.ant.types.resources,StringResourceCollection,size,Magic Number
ant,org.apache.tools.ant.types.resources,StringResourceIterator,next,Magic Number
ant,org.apache.tools.ant.types.resources,StringResourceIterator,hasNext,Magic Number
ant,org.apache.tools.ant.types.resources,TarResourceTest,testUncompressSource,Long Statement
ant,org.apache.tools.ant.types.resources.comparators,FileSystem,file,Long Statement
ant,org.apache.tools.ant.types.resources.comparators,FileSystem,compare,Long Statement
ant,org.apache.tools.ant.types.resources.comparators,Reverse,resourceCompare,Long Statement
ant,org.apache.tools.ant.types.resources.selectors,Date,isSelected,Long Statement
ant,org.apache.tools.ant.types.resources.selectors,Majority,isSelected,Complex Conditional
ant,org.apache.tools.ant.types.resources.selectors,Majority,isSelected,Complex Conditional
ant,org.apache.tools.ant.types.resources.selectors,Majority,isSelected,Magic Number
ant,org.apache.tools.ant.types.resources.selectors,Majority,isSelected,Magic Number
ant,org.apache.tools.ant.types.resources.selectors,Name,modify,Complex Conditional
ant,org.apache.tools.ant.types.resources.selectors,Type,isSelected,Magic Number
ant,org.apache.tools.ant.types.selectors,AbstractSelectorContainer,validate,Long Statement
ant,org.apache.tools.ant.types.selectors,BaseSelectorContainer,validate,Long Statement
ant,org.apache.tools.ant.types.selectors,ContainsSelector,toString,Long Statement
ant,org.apache.tools.ant.types.selectors,ContainsSelector,isSelected,Complex Method
ant,org.apache.tools.ant.types.selectors,ContainsSelector,isSelected,Long Statement
ant,org.apache.tools.ant.types.selectors,DateSelector,setParameters,Complex Method
ant,org.apache.tools.ant.types.selectors,DateSelector,verifySettings,Long Statement
ant,org.apache.tools.ant.types.selectors,DifferentSelector,selectionTest,Long Statement
ant,org.apache.tools.ant.types.selectors,OwnedBySelector,isSelected,Empty catch clause
ant,org.apache.tools.ant.types.selectors,OwnedBySelector,isSelected,Long Statement
ant,org.apache.tools.ant.types.selectors,PosixGroupSelector,isSelected,Empty catch clause
ant,org.apache.tools.ant.types.selectors,PosixGroupSelector,isSelected,Long Statement
ant,org.apache.tools.ant.types.selectors,PosixPermissionsSelector,setPermissions,Magic Number
ant,org.apache.tools.ant.types.selectors,PosixPermissionsSelector,setPermissions,Magic Number
ant,org.apache.tools.ant.types.selectors,PosixPermissionsSelector,isSelected,Empty catch clause
ant,org.apache.tools.ant.types.selectors,PosixPermissionsSelector,isSelected,Long Statement
ant,org.apache.tools.ant.types.selectors,SelectorUtils,matchPath,Complex Method
ant,org.apache.tools.ant.types.selectors,SelectorUtils,match,Complex Method
ant,org.apache.tools.ant.types.selectors,SelectorUtils,tokenizePathAsArray,Complex Method
ant,org.apache.tools.ant.types.selectors,SelectorUtils,isOutOfDate,Long Statement
ant,org.apache.tools.ant.types.selectors,SizeSelector,setUnits,Complex Method
ant,org.apache.tools.ant.types.selectors,SizeSelector,getValues,Long Statement
ant,org.apache.tools.ant.types.selectors,ByteUnits,getValues,Long Statement
ant,org.apache.tools.ant.types.selectors,TokenizedPath,findFile,Complex Method
ant,org.apache.tools.ant.types.selectors,BaseSelectorTest,tearDown,Empty catch clause
ant,org.apache.tools.ant.types.selectors,TaskdefForMakingBed,tearDown,Empty catch clause
ant,org.apache.tools.ant.types.selectors,DateSelectorTest,testValidateRange,Long Statement
ant,org.apache.tools.ant.types.selectors,DateSelectorTest,testValidateFormat,Long Statement
ant,org.apache.tools.ant.types.selectors,DateSelectorTest,testSelectionBehaviourAfterWithGranularity,Long Statement
ant,org.apache.tools.ant.types.selectors,DateSelectorTest,testSelectionBehaviourAfterWithGranularity,Magic Number
ant,org.apache.tools.ant.types.selectors,DateSelectorTest,testSelectionBehaviourAfterWithGranularity,Magic Number
ant,org.apache.tools.ant.types.selectors,DateSelectorTest,testSelectionBehaviourAfterWithGranularity,Magic Number
ant,org.apache.tools.ant.types.selectors,DateSelectorTest,testSelectionBehaviourAfterWithGranularity,Magic Number
ant,org.apache.tools.ant.types.selectors,DateSelectorTest,testSelectionBehaviourAfterWithGranularity,Magic Number
ant,org.apache.tools.ant.types.selectors,DateSelectorTest,testSelectionBehaviourAfterWithGranularity,Magic Number
ant,org.apache.tools.ant.types.selectors,DateSelectorTest,testSelectionBehaviourAfterWithGranularity,Magic Number
ant,org.apache.tools.ant.types.selectors,DateSelectorTest,testSelectionBehaviourBeforeWithGranularity,Long Statement
ant,org.apache.tools.ant.types.selectors,DateSelectorTest,testSelectionBehaviourBeforeWithGranularity,Magic Number
ant,org.apache.tools.ant.types.selectors,DateSelectorTest,testSelectionBehaviourBeforeWithGranularity,Magic Number
ant,org.apache.tools.ant.types.selectors,DateSelectorTest,testSelectionBehaviourBeforeWithGranularity,Magic Number
ant,org.apache.tools.ant.types.selectors,DateSelectorTest,testSelectionBehaviourBeforeWithGranularity,Magic Number
ant,org.apache.tools.ant.types.selectors,DateSelectorTest,testSelectionBehaviourBeforeWithGranularity,Magic Number
ant,org.apache.tools.ant.types.selectors,DateSelectorTest,testSelectionBehaviourBeforeWithGranularity,Magic Number
ant,org.apache.tools.ant.types.selectors,DateSelectorTest,testSelectionBehaviourBeforeWithGranularity,Magic Number
ant,org.apache.tools.ant.types.selectors,DateSelectorTest,testSelectionBehaviourBeforeWithGranularity,Magic Number
ant,org.apache.tools.ant.types.selectors,DependSelectorTest,testMergeMapper,Magic Number
ant,org.apache.tools.ant.types.selectors,DepthSelectorTest,testValidateDepth,Magic Number
ant,org.apache.tools.ant.types.selectors,DepthSelectorTest,testValidateDepth,Magic Number
ant,org.apache.tools.ant.types.selectors,DepthSelectorTest,testSelectionBehaviourMinMax,Magic Number
ant,org.apache.tools.ant.types.selectors,DepthSelectorTest,testSelectionBehaviourMinMax,Magic Number
ant,org.apache.tools.ant.types.selectors,ModifiedSelectorTest,testDelayUpdateTargetFinished,Magic Number
ant,org.apache.tools.ant.types.selectors,ModifiedSelectorTest,testDelayUpdateBuildFinished,Magic Number
ant,org.apache.tools.ant.types.selectors,ModifiedSelectorTest,doDelayUpdateTest,Magic Number
ant,org.apache.tools.ant.types.selectors,ModifiedSelectorTest,doDelayUpdateTest,Magic Number
ant,org.apache.tools.ant.types.selectors,ModifiedSelectorTest,getAlgoName,Magic Number
ant,org.apache.tools.ant.types.selectors,ModifiedSelectorTest,doTest,Long Statement
ant,org.apache.tools.ant.types.selectors,ModifiedSelectorTest,testScenario1,Long Statement
ant,org.apache.tools.ant.types.selectors,ModifiedSelectorTest,testScenario2,Long Statement
ant,org.apache.tools.ant.types.selectors,ModifiedSelectorTest,doScenarioTest,Magic Number
ant,org.apache.tools.ant.types.selectors,ModifiedSelectorTest,doScenarioTest,Magic Number
ant,org.apache.tools.ant.types.selectors,ModifiedSelectorTest,resolve,Long Statement
ant,org.apache.tools.ant.types.selectors,PosixGroupSelectorTest,setUp,Long Statement
ant,org.apache.tools.ant.types.selectors,SizeSelectorTest,testValidateValue,Magic Number
ant,org.apache.tools.ant.types.selectors,SizeSelectorTest,testValidateAttributeUnits,Magic Number
ant,org.apache.tools.ant.types.selectors,SizeSelectorTest,testSelectionBehaviourLess,Magic Number
ant,org.apache.tools.ant.types.selectors,SizeSelectorTest,testSelectionBehaviourMore,Magic Number
ant,org.apache.tools.ant.types.selectors,SizeSelectorTest,testSelectionBehaviourEqual,Magic Number
ant,org.apache.tools.ant.types.selectors,SizeSelectorTest,testSelectionBehaviourKilo,Magic Number
ant,org.apache.tools.ant.types.selectors,SizeSelectorTest,testSelectionBehaviourKibi,Magic Number
ant,org.apache.tools.ant.types.selectors,SizeSelectorTest,testSelectionBehaviourTibi,Magic Number
ant,org.apache.tools.ant.types.selectors,TokenizedPatternTest,testTokenization,Magic Number
ant,org.apache.tools.ant.types.selectors,TokenizedPatternTest,testWithoutLastToken,Long Statement
ant,org.apache.tools.ant.types.selectors.modifiedselector,ChecksumAlgorithm,getValue,Empty catch clause
ant,org.apache.tools.ant.types.selectors.modifiedselector,ChecksumAlgorithm,getValue,Long Statement
ant,org.apache.tools.ant.types.selectors.modifiedselector,DigestAlgorithm,initMessageDigest,Complex Conditional
ant,org.apache.tools.ant.types.selectors.modifiedselector,ModifiedSelector,configure,Complex Method
ant,org.apache.tools.ant.types.selectors.modifiedselector,ModifiedSelector,configure,Long Statement
ant,org.apache.tools.ant.types.selectors.modifiedselector,ModifiedSelector,isSelected,Long Identifier
ant,org.apache.tools.ant.types.selectors.modifiedselector,ModifiedSelector,isSelected,Long Statement
ant,org.apache.tools.ant.types.selectors.modifiedselector,ModifiedSelector,setSelres,Long Identifier
ant,org.apache.tools.ant.types.selectors.modifiedselector,ModifiedSelector,useParameter,Complex Method
ant,org.apache.tools.ant.types.selectors.modifiedselector,ModifiedSelector,tryToSetAParameter,Empty catch clause
ant,org.apache.tools.ant.types.selectors.modifiedselector,ModifiedSelector,toString,Long Statement
ant,org.apache.tools.ant.types.selectors.modifiedselector,PropertiesfileCache,load,Complex Conditional
ant,org.apache.tools.ant.types.spi,Service,getAsStream,Long Statement
ant,org.apache.tools.ant.util,Base64Converter,encode,Magic Number
ant,org.apache.tools.ant.util,Base64Converter,encode,Magic Number
ant,org.apache.tools.ant.util,Base64Converter,encode,Magic Number
ant,org.apache.tools.ant.util,Base64Converter,encode,Magic Number
ant,org.apache.tools.ant.util,ChainedMapper,mapFileName,Long Statement
ant,org.apache.tools.ant.util,ClasspathUtils,getClassLoaderForPath,Long Parameter List
ant,org.apache.tools.ant.util,ClasspathUtils,newInstance,Long Statement
ant,org.apache.tools.ant.util,ClasspathUtils,newInstance,Long Statement
ant,org.apache.tools.ant.util,ClasspathUtils,getClassLoader,Long Statement
ant,org.apache.tools.ant.util,Delegate,getClassLoader,Long Statement
ant,org.apache.tools.ant.util,CompositeMapper,mapFileName,Long Statement
ant,org.apache.tools.ant.util,ContainerMapper,add,Complex Conditional
ant,org.apache.tools.ant.util,ContainerMapper,add,Long Statement
ant,org.apache.tools.ant.util,DateUtils,getPhaseOfMoon,Complex Conditional
ant,org.apache.tools.ant.util,DateUtils,getPhaseOfMoon,Magic Number
ant,org.apache.tools.ant.util,DateUtils,getPhaseOfMoon,Magic Number
ant,org.apache.tools.ant.util,DateUtils,getPhaseOfMoon,Magic Number
ant,org.apache.tools.ant.util,DateUtils,getPhaseOfMoon,Magic Number
ant,org.apache.tools.ant.util,DateUtils,getPhaseOfMoon,Magic Number
ant,org.apache.tools.ant.util,DateUtils,getPhaseOfMoon,Magic Number
ant,org.apache.tools.ant.util,DateUtils,getPhaseOfMoon,Magic Number
ant,org.apache.tools.ant.util,DateUtils,getPhaseOfMoon,Magic Number
ant,org.apache.tools.ant.util,DateUtils,getPhaseOfMoon,Magic Number
ant,org.apache.tools.ant.util,DateUtils,getPhaseOfMoon,Magic Number
ant,org.apache.tools.ant.util,DateUtils,getPhaseOfMoon,Magic Number
ant,org.apache.tools.ant.util,DateUtils,getPhaseOfMoon,Magic Number
ant,org.apache.tools.ant.util,DateUtils,getPhaseOfMoon,Magic Number
ant,org.apache.tools.ant.util,DateUtils,getDateForHeader,Long Statement
ant,org.apache.tools.ant.util,DateUtils,parseLenientDateTime,Empty catch clause
ant,org.apache.tools.ant.util,DateUtils,parseLenientDateTime,Empty catch clause
ant,org.apache.tools.ant.util,DateUtils,parseLenientDateTime,Empty catch clause
ant,org.apache.tools.ant.util,DateUtils,parseLenientDateTime,Long Statement
ant,org.apache.tools.ant.util,DateUtils,parseLenientDateTime,Magic Number
ant,org.apache.tools.ant.util,DateUtils,parseLenientDateTime,Magic Number
ant,org.apache.tools.ant.util,DateUtils,parseLenientDateTime,Magic Number
ant,org.apache.tools.ant.util,DateUtils,parseLenientDateTime,Magic Number
ant,org.apache.tools.ant.util,DateUtils,parseLenientDateTime,Magic Number
ant,org.apache.tools.ant.util,DateUtils,parseLenientDateTime,Magic Number
ant,org.apache.tools.ant.util,DateUtils,parseLenientDateTime,Magic Number
ant,org.apache.tools.ant.util,DateUtils,parseLenientDateTime,Magic Number
ant,org.apache.tools.ant.util,DeweyDecimal,DeweyDecimal,Magic Number
ant,org.apache.tools.ant.util,DOMElementWriter,write,Complex Method
ant,org.apache.tools.ant.util,DOMElementWriter,write,Missing default
ant,org.apache.tools.ant.util,DOMElementWriter,openElement,Complex Method
ant,org.apache.tools.ant.util,DOMElementWriter,openElement,Long Parameter List
ant,org.apache.tools.ant.util,DOMElementWriter,closeElement,Long Parameter List
ant,org.apache.tools.ant.util,DOMElementWriter,encode,Complex Method
ant,org.apache.tools.ant.util,DOMElementWriter,encode,Missing default
ant,org.apache.tools.ant.util,DOMElementWriter,encodedata,Magic Number
ant,org.apache.tools.ant.util,DOMElementWriter,isReference,Magic Number
ant,org.apache.tools.ant.util,DOMElementWriter,isReference,Magic Number
ant,org.apache.tools.ant.util,DOMElementWriter,isReference,Magic Number
ant,org.apache.tools.ant.util,DOMElementWriter,isLegalCharacter,Complex Conditional
ant,org.apache.tools.ant.util,DOMElementWriter,isLegalCharacter,Magic Number
ant,org.apache.tools.ant.util,DOMElementWriter,isLegalCharacter,Magic Number
ant,org.apache.tools.ant.util,DOMElementWriter,isLegalCharacter,Magic Number
ant,org.apache.tools.ant.util,DOMElementWriter,isLegalCharacter,Magic Number
ant,org.apache.tools.ant.util,DOMElementWriter,isLegalCharacter,Magic Number
ant,org.apache.tools.ant.util,DOMElementWriter,isLegalCharacter,Magic Number
ant,org.apache.tools.ant.util,DOMElementWriter,isLegalCharacter,Magic Number
ant,org.apache.tools.ant.util,FileUtils,copyFile,Long Parameter List
ant,org.apache.tools.ant.util,FileUtils,copyFile,Long Parameter List
ant,org.apache.tools.ant.util,FileUtils,copyFile,Long Parameter List
ant,org.apache.tools.ant.util,FileUtils,copyFile,Long Parameter List
ant,org.apache.tools.ant.util,FileUtils,copyFile,Long Statement
ant,org.apache.tools.ant.util,FileUtils,copyFile,Long Parameter List
ant,org.apache.tools.ant.util,FileUtils,copyFile,Long Parameter List
ant,org.apache.tools.ant.util,FileUtils,copyFile,Long Parameter List
ant,org.apache.tools.ant.util,FileUtils,copyFile,Long Parameter List
ant,org.apache.tools.ant.util,FileUtils,copyFile,Long Statement
ant,org.apache.tools.ant.util,FileUtils,copyFile,Long Parameter List
ant,org.apache.tools.ant.util,FileUtils,copyFile,Long Statement
ant,org.apache.tools.ant.util,FileUtils,copyFile,Long Parameter List
ant,org.apache.tools.ant.util,FileUtils,copyFile,Long Statement
ant,org.apache.tools.ant.util,FileUtils,isContextRelativePath,Complex Conditional
ant,org.apache.tools.ant.util,FileUtils,isContextRelativePath,Long Statement
ant,org.apache.tools.ant.util,FileUtils,isContextRelativePath,Magic Number
ant,org.apache.tools.ant.util,FileUtils,isContextRelativePath,Magic Number
ant,org.apache.tools.ant.util,FileUtils,isAbsolutePath,Complex Conditional
ant,org.apache.tools.ant.util,FileUtils,isAbsolutePath,Long Statement
ant,org.apache.tools.ant.util,FileUtils,isAbsolutePath,Magic Number
ant,org.apache.tools.ant.util,FileUtils,isAbsolutePath,Magic Number
ant,org.apache.tools.ant.util,FileUtils,isAbsolutePath,Magic Number
ant,org.apache.tools.ant.util,FileUtils,isAbsolutePath,Magic Number
ant,org.apache.tools.ant.util,FileUtils,isAbsolutePath,Magic Number
ant,org.apache.tools.ant.util,FileUtils,normalize,Magic Number
ant,org.apache.tools.ant.util,FileUtils,dissect,Complex Conditional
ant,org.apache.tools.ant.util,FileUtils,dissect,Magic Number
ant,org.apache.tools.ant.util,FileUtils,dissect,Magic Number
ant,org.apache.tools.ant.util,FileUtils,toVMSPath,Long Statement
ant,org.apache.tools.ant.util,FileUtils,toVMSPath,Magic Number
ant,org.apache.tools.ant.util,FileUtils,toVMSPath,Magic Number
ant,org.apache.tools.ant.util,FileUtils,createTempFile,Long Parameter List
ant,org.apache.tools.ant.util,FileUtils,createTempFile,Complex Method
ant,org.apache.tools.ant.util,FileUtils,createTempFile,Long Parameter List
ant,org.apache.tools.ant.util,FileUtils,createTempFile,Long Statement
ant,org.apache.tools.ant.util,FileUtils,isLeadingPath,Complex Conditional
ant,org.apache.tools.ant.util,FileUtils,rename,Complex Conditional
ant,org.apache.tools.ant.util,FileUtils,rename,Complex Conditional
ant,org.apache.tools.ant.util,FileUtils,getFileTimestampGranularity,Long Identifier
ant,org.apache.tools.ant.util,FileUtils,close,Empty catch clause
ant,org.apache.tools.ant.util,FileUtils,close,Empty catch clause
ant,org.apache.tools.ant.util,FileUtils,tryHardToDelete,Empty catch clause
ant,org.apache.tools.ant.util,FileUtils,isCaseSensitiveFileSystem,Long Statement
ant,org.apache.tools.ant.util,FirstMatchMapper,mapFileName,Long Statement
ant,org.apache.tools.ant.util,GlobPatternMapper,mapFileName,Complex Conditional
ant,org.apache.tools.ant.util,GlobPatternMapper,mapFileName,Long Statement
ant,org.apache.tools.ant.util,LayoutPreservingProperties,store,Complex Conditional
ant,org.apache.tools.ant.util,LayoutPreservingProperties,store,Complex Method
ant,org.apache.tools.ant.util,LayoutPreservingProperties,store,Empty catch clause
ant,org.apache.tools.ant.util,LayoutPreservingProperties,store,Long Statement
ant,org.apache.tools.ant.util,LayoutPreservingProperties,readLines,Complex Method
ant,org.apache.tools.ant.util,LayoutPreservingProperties,readFirstLine,Magic Number
ant,org.apache.tools.ant.util,LayoutPreservingProperties,requiresContinuation,Magic Number
ant,org.apache.tools.ant.util,LayoutPreservingProperties,unescape,Complex Method
ant,org.apache.tools.ant.util,LayoutPreservingProperties,unescape,Magic Number
ant,org.apache.tools.ant.util,LayoutPreservingProperties,unescapeUnicode,Magic Number
ant,org.apache.tools.ant.util,LayoutPreservingProperties,unescapeUnicode,Magic Number
ant,org.apache.tools.ant.util,LayoutPreservingProperties,escape,Magic Number
ant,org.apache.tools.ant.util,LayoutPreservingProperties,escape,Magic Number
ant,org.apache.tools.ant.util,LeadPipeInputStream,read,Complex Conditional
ant,org.apache.tools.ant.util,LineTokenizer,getToken,Complex Method
ant,org.apache.tools.ant.util,LoaderUtils,normalizeSource,Empty catch clause
ant,org.apache.tools.ant.util,Native2AsciiUtils,ascii2native,Magic Number
ant,org.apache.tools.ant.util,Native2AsciiUtils,ascii2native,Magic Number
ant,org.apache.tools.ant.util,Native2AsciiUtils,tryParse,Magic Number
ant,org.apache.tools.ant.util,Native2AsciiUtils,tryParse,Magic Number
ant,org.apache.tools.ant.util,OutputStreamFunneler,release,Empty catch clause
ant,org.apache.tools.ant.util,PermissionUtils,modeFromPermissions,Magic Number
ant,org.apache.tools.ant.util,PermissionUtils,modeFromPermissions,Magic Number
ant,org.apache.tools.ant.util,PermissionUtils,modeFromPermissions,Magic Number
ant,org.apache.tools.ant.util,PermissionUtils,modeFromPermissions,Magic Number
ant,org.apache.tools.ant.util,PermissionUtils,modeFromPermissions,Magic Number
ant,org.apache.tools.ant.util,PermissionUtils,modeFromPermissions,Magic Number
ant,org.apache.tools.ant.util,PermissionUtils,modeFromPermissions,Magic Number
ant,org.apache.tools.ant.util,PermissionUtils,modeFromPermissions,Missing default
ant,org.apache.tools.ant.util,PermissionUtils,permissionsFromMode,Magic Number
ant,org.apache.tools.ant.util,PermissionUtils,permissionsFromMode,Magic Number
ant,org.apache.tools.ant.util,PermissionUtils,modeFromPermissions,Magic Number
ant,org.apache.tools.ant.util,PermissionUtils,modeFromPermissions,Magic Number
ant,org.apache.tools.ant.util,PermissionUtils,addPermissions,Magic Number
ant,org.apache.tools.ant.util,PermissionUtils,addPermissions,Magic Number
ant,org.apache.tools.ant.util,PermissionUtils,addPermissions,Magic Number
ant,org.apache.tools.ant.util,PermissionUtils,addPermissions,Magic Number
ant,org.apache.tools.ant.util,ProcessUtil,getProcessId,Empty catch clause
ant,org.apache.tools.ant.util,ProcessUtil,main,Empty catch clause
ant,org.apache.tools.ant.util,ProcessUtil,main,Magic Number
ant,org.apache.tools.ant.util,ReaderInputStream,read,Complex Method
ant,org.apache.tools.ant.util,ReflectUtil,invoke,Long Parameter List
ant,org.apache.tools.ant.util,ReflectWrapper,invoke,Long Parameter List
ant,org.apache.tools.ant.util,RegexpPatternMapper,mapFileName,Complex Conditional
ant,org.apache.tools.ant.util,ResourceUtils,selectOutOfDateSources,Long Parameter List
ant,org.apache.tools.ant.util,ResourceUtils,selectOutOfDateSources,Long Parameter List
ant,org.apache.tools.ant.util,ResourceUtils,selectSources,Complex Method
ant,org.apache.tools.ant.util,ResourceUtils,selectSources,Long Parameter List
ant,org.apache.tools.ant.util,ResourceUtils,selectSources,Long Statement
ant,org.apache.tools.ant.util,ResourceUtils,selectSources,Long Statement
ant,org.apache.tools.ant.util,ResourceUtils,copyResource,Long Parameter List
ant,org.apache.tools.ant.util,ResourceUtils,copyResource,Long Statement
ant,org.apache.tools.ant.util,ResourceUtils,copyResource,Long Parameter List
ant,org.apache.tools.ant.util,ResourceUtils,copyResource,Long Statement
ant,org.apache.tools.ant.util,ResourceUtils,copyResource,Complex Conditional
ant,org.apache.tools.ant.util,ResourceUtils,copyResource,Complex Conditional
ant,org.apache.tools.ant.util,ResourceUtils,copyResource,Complex Conditional
ant,org.apache.tools.ant.util,ResourceUtils,copyResource,Complex Method
ant,org.apache.tools.ant.util,ResourceUtils,copyResource,Long Parameter List
ant,org.apache.tools.ant.util,ResourceUtils,copyResource,Long Statement
ant,org.apache.tools.ant.util,ResourceUtils,copyResource,Long Statement
ant,org.apache.tools.ant.util,ResourceUtils,contentEquals,Complex Conditional
ant,org.apache.tools.ant.util,ResourceUtils,binaryCompare,Long Statement
ant,org.apache.tools.ant.util,ResourceUtils,textCompare,Long Statement
ant,org.apache.tools.ant.util,ResourceUtils,copyWithFilterSets,Long Parameter List
ant,org.apache.tools.ant.util,ResourceUtils,copyWithFilterSets,Long Statement
ant,org.apache.tools.ant.util,ResourceUtils,copyWithFilterChainsOrTranscoding,Long Parameter List
ant,org.apache.tools.ant.util,ResourceUtils,copyWithFilterChainsOrTranscoding,Long Statement
ant,org.apache.tools.ant.util,ResourceUtils,copyUsingFileChannels,Complex Conditional
ant,org.apache.tools.ant.util,ResourceUtils,copyUsingFileChannels,Long Statement
ant,org.apache.tools.ant.util,ResourceUtils,getOutputStream,Long Statement
ant,org.apache.tools.ant.util,ResourceUtils,areSame,Long Statement
ant,org.apache.tools.ant.util,RetryHandler,execute,Long Statement
ant,org.apache.tools.ant.util,ScriptFixBSFPath,fixClassLoader,Long Statement
ant,org.apache.tools.ant.util,ScriptRunnerBase,addBeans,Empty catch clause
ant,org.apache.tools.ant.util,ScriptRunnerBase,addBean,Complex Conditional
ant,org.apache.tools.ant.util,ScriptRunnerBase,addBean,Long Statement
ant,org.apache.tools.ant.util,ScriptRunnerCreator,createRunner,Complex Conditional
ant,org.apache.tools.ant.util,SourceFileScanner,restrict,Long Parameter List
ant,org.apache.tools.ant.util,SourceFileScanner,restrict,Long Statement
ant,org.apache.tools.ant.util,SourceFileScanner,restrictAsFiles,Long Parameter List
ant,org.apache.tools.ant.util,SourceFileScanner,restrictAsFiles,Long Statement
ant,org.apache.tools.ant.util,StringTokenizer,getToken,Complex Method
ant,org.apache.tools.ant.util,StringUtils,resolveBackSlash,Complex Method
ant,org.apache.tools.ant.util,StringUtils,resolveBackSlash,Missing default
ant,org.apache.tools.ant.util,StringUtils,parseHumanSizes,Complex Method
ant,org.apache.tools.ant.util,StringUtils,parseHumanSizes,Missing default
ant,org.apache.tools.ant.util,StringUtils,parseHumanSizes,Missing default
ant,org.apache.tools.ant.util,SymbolicLinkUtils,deleteSymbolicLink,Complex Method
ant,org.apache.tools.ant.util,SymbolicLinkUtils,deleteSymbolicLink,Long Statement
ant,org.apache.tools.ant.util,SymbolicLinkUtils,deleteSymbolicLink,Long Statement
ant,org.apache.tools.ant.util,UUEncoder,encodeLine,Magic Number
ant,org.apache.tools.ant.util,UUEncoder,encodeLine,Magic Number
ant,org.apache.tools.ant.util,UUEncoder,encodeLine,Magic Number
ant,org.apache.tools.ant.util,UUEncoder,encodeLine,Magic Number
ant,org.apache.tools.ant.util,UUEncoder,encodeLine,Magic Number
ant,org.apache.tools.ant.util,UUEncoder,encodeLine,Magic Number
ant,org.apache.tools.ant.util,UUEncoder,encodeLine,Magic Number
ant,org.apache.tools.ant.util,UUEncoder,encodeLine,Magic Number
ant,org.apache.tools.ant.util,UUEncoder,encodeLine,Magic Number
ant,org.apache.tools.ant.util,UUEncoder,encodeLine,Magic Number
ant,org.apache.tools.ant.util,UUEncoder,encodeLine,Magic Number
ant,org.apache.tools.ant.util,UUEncoder,encodeLine,Magic Number
ant,org.apache.tools.ant.util,Watchdog,run,Empty catch clause
ant,org.apache.tools.ant.util,Base64ConverterTest,testOneValue,Magic Number
ant,org.apache.tools.ant.util,DateUtilsTest,testElapsedTime,Magic Number
ant,org.apache.tools.ant.util,DateUtilsTest,testElapsedTime,Magic Number
ant,org.apache.tools.ant.util,DateUtilsTest,testElapsedTime,Magic Number
ant,org.apache.tools.ant.util,DateUtilsTest,testElapsedTime,Magic Number
ant,org.apache.tools.ant.util,DateUtilsTest,testElapsedTime,Magic Number
ant,org.apache.tools.ant.util,DateUtilsTest,testElapsedTime,Magic Number
ant,org.apache.tools.ant.util,DateUtilsTest,testElapsedTime,Magic Number
ant,org.apache.tools.ant.util,DateUtilsTest,testElapsedTime,Magic Number
ant,org.apache.tools.ant.util,DateUtilsTest,testLongElapsedTime,Magic Number
ant,org.apache.tools.ant.util,DateUtilsTest,testLongElapsedTime,Magic Number
ant,org.apache.tools.ant.util,DateUtilsTest,testDateTimeISO,Magic Number
ant,org.apache.tools.ant.util,DateUtilsTest,testDateTimeISO,Magic Number
ant,org.apache.tools.ant.util,DateUtilsTest,testDateTimeISO,Magic Number
ant,org.apache.tools.ant.util,DateUtilsTest,testDateTimeISO,Magic Number
ant,org.apache.tools.ant.util,DateUtilsTest,testDateTimeISO,Magic Number
ant,org.apache.tools.ant.util,DateUtilsTest,testDateISO,Magic Number
ant,org.apache.tools.ant.util,DateUtilsTest,testDateISO,Magic Number
ant,org.apache.tools.ant.util,DateUtilsTest,testTimeISODate,Magic Number
ant,org.apache.tools.ant.util,DateUtilsTest,testTimeISODate,Magic Number
ant,org.apache.tools.ant.util,DateUtilsTest,testTimeISODate,Magic Number
ant,org.apache.tools.ant.util,DateUtilsTest,testTimeISODate,Magic Number
ant,org.apache.tools.ant.util,DateUtilsTest,testTimeISODate,Magic Number
ant,org.apache.tools.ant.util,DateUtilsTest,testTimeISO,Magic Number
ant,org.apache.tools.ant.util,DateUtilsTest,testTimeISO,Magic Number
ant,org.apache.tools.ant.util,DateUtilsTest,testTimeISO,Magic Number
ant,org.apache.tools.ant.util,DateUtilsTest,testTimeISO,Magic Number
ant,org.apache.tools.ant.util,DateUtilsTest,testTimeISO,Magic Number
ant,org.apache.tools.ant.util,DateUtilsTest,testTimeISO,Magic Number
ant,org.apache.tools.ant.util,DateUtilsTest,testPhaseOfMoon,Magic Number
ant,org.apache.tools.ant.util,DateUtilsTest,testPhaseOfMoon,Magic Number
ant,org.apache.tools.ant.util,DateUtilsTest,testPhaseOfMoon,Magic Number
ant,org.apache.tools.ant.util,DateUtilsTest,testPhaseOfMoon,Magic Number
ant,org.apache.tools.ant.util,DateUtilsTest,testPhaseOfMoon,Magic Number
ant,org.apache.tools.ant.util,DateUtilsTest,testPhaseOfMoon,Magic Number
ant,org.apache.tools.ant.util,DateUtilsTest,testPhaseOfMoon,Magic Number
ant,org.apache.tools.ant.util,DeweyDecimalTest,intConstructorNegativeValues,Magic Number
ant,org.apache.tools.ant.util,DeweyDecimalTest,intConstructorNegativeValues,Magic Number
ant,org.apache.tools.ant.util,DeweyDecimalTest,details,Magic Number
ant,org.apache.tools.ant.util,DeweyDecimalTest,details,Magic Number
ant,org.apache.tools.ant.util,DOMElementWriterTest,testNSGoesOutOfScope,Long Statement
ant,org.apache.tools.ant.util,FileUtilsTest,testSetLastModified,Magic Number
ant,org.apache.tools.ant.util,FileUtilsTest,testSetLastModified,Magic Number
ant,org.apache.tools.ant.util,FileUtilsTest,testSetLastModified,Magic Number
ant,org.apache.tools.ant.util,FileUtilsTest,testSetLastModified,Magic Number
ant,org.apache.tools.ant.util,FileUtilsTest,testResolveRelativeFile,Long Statement
ant,org.apache.tools.ant.util,FileUtilsTest,testResolveRelativeFile,Long Statement
ant,org.apache.tools.ant.util,FileUtilsTest,testResolveRelativeFile,Long Statement
ant,org.apache.tools.ant.util,FileUtilsTest,testNormalizeRelativeFile,Long Statement
ant,org.apache.tools.ant.util,FileUtilsTest,testCreateTempFile,Magic Number
ant,org.apache.tools.ant.util,FileUtilsTest,testContentEquals,Long Statement
ant,org.apache.tools.ant.util,FileUtilsTest,testRemoveLeadingPath,Long Statement
ant,org.apache.tools.ant.util,FileUtilsTest,testRemoveLeadingPath,Long Statement
ant,org.apache.tools.ant.util,FileUtilsTest,testToURI,Magic Number
ant,org.apache.tools.ant.util,FileUtilsTest,testFromURI,Magic Number
ant,org.apache.tools.ant.util,FileUtilsTest,testModificationTests,Magic Number
ant,org.apache.tools.ant.util,FileUtilsTest,testCaseSensitiveFileSystem,Long Statement
ant,org.apache.tools.ant.util,FileUtilsTest,testCaseSensitiveFileSystem,Long Statement
ant,org.apache.tools.ant.util,FileUtilsTest,testCaseSensitiveFileSystem,Long Statement
ant,org.apache.tools.ant.util,FileUtilsTest,testCaseSensitiveFileSystem,Long Statement
ant,org.apache.tools.ant.util,JavaEnvUtilsTest,testIsAtLeastJavaVersion,Long Statement
ant,org.apache.tools.ant.util,JavaEnvUtilsTest,java10IsDetectedProperly,Magic Number
ant,org.apache.tools.ant.util,JavaEnvUtilsTest,java11IsDetectedProperly,Magic Number
ant,org.apache.tools.ant.util,JavaEnvUtilsTest,java12IsDetectedProperly,Magic Number
ant,org.apache.tools.ant.util,LayoutPreservingPropertiesTest,testClone,Magic Number
ant,org.apache.tools.ant.util,LayoutPreservingPropertiesTest,testClone,Magic Number
ant,org.apache.tools.ant.util,Native2AsciiUtilsTest,doesntTouchAscii,Magic Number
ant,org.apache.tools.ant.util,Native2AsciiUtilsTest,doesntTouchNonEscapes,Magic Number
ant,org.apache.tools.ant.util,PermissionUtilsTest,modeFromPermissionsReturnsExpectedResult,Long Statement
ant,org.apache.tools.ant.util,PermissionUtilsTest,modeFromPermissionsReturnsExpectedResult,Magic Number
ant,org.apache.tools.ant.util,PermissionUtilsTest,permissionsFromModeReturnsExpectedResult,Long Statement
ant,org.apache.tools.ant.util,PermissionUtilsTest,permissionsFromModeReturnsExpectedResult,Magic Number
ant,org.apache.tools.ant.util,PermissionUtilsTest,detectsFileTypeOfRegularFileFromResource,Long Statement
ant,org.apache.tools.ant.util,PermissionUtilsTest,getSetPermissionsWorksForFiles,Long Statement
ant,org.apache.tools.ant.util,PermissionUtilsTest,getSetPermissionsWorksForZipResources,Long Statement
ant,org.apache.tools.ant.util,PermissionUtilsTest,getSetPermissionsWorksForTarResources,Long Statement
ant,org.apache.tools.ant.util,ReaderInputStreamTest,testSimpleAbc16,Magic Number
ant,org.apache.tools.ant.util,ReaderInputStreamTest,testReadZero,Magic Number
ant,org.apache.tools.ant.util,ReaderInputStreamTest,testReadZero,Magic Number
ant,org.apache.tools.ant.util,ReaderInputStreamTest,testIso88591ToUtf8,Long Statement
ant,org.apache.tools.ant.util,ReaderInputStreamTest,compareBytes,Long Statement
ant,org.apache.tools.ant.util,ReaderInputStreamTest,compareBytes,Magic Number
ant,org.apache.tools.ant.util,StringUtilsTest,testSplit,Magic Number
ant,org.apache.tools.ant.util,StringUtilsTest,testSplit,Magic Number
ant,org.apache.tools.ant.util,StringUtilsTest,testSplit,Magic Number
ant,org.apache.tools.ant.util,StringUtilsTest,testSplitLines,Magic Number
ant,org.apache.tools.ant.util,StringUtilsTest,testSplitLines,Magic Number
ant,org.apache.tools.ant.util,StringUtilsTest,testSplitLines,Magic Number
ant,org.apache.tools.ant.util,StringUtilsTest,testSplitLines,Magic Number
ant,org.apache.tools.ant.util,StringUtilsTest,testEndsWithJDKPerf,Magic Number
ant,org.apache.tools.ant.util,StringUtilsTest,testEndsWithJDKPerf,Magic Number
ant,org.apache.tools.ant.util,StringUtilsTest,testEndsWithJDKPerf,Magic Number
ant,org.apache.tools.ant.util,StringUtilsTest,testEndsWithPerf,Magic Number
ant,org.apache.tools.ant.util,StringUtilsTest,testEndsWithPerf,Magic Number
ant,org.apache.tools.ant.util,StringUtilsTest,testEndsWithPerf,Magic Number
ant,org.apache.tools.ant.util,StringUtilsTest,testParseHumanSizes,Magic Number
ant,org.apache.tools.ant.util,StringUtilsTest,testParseHumanSizes,Magic Number
ant,org.apache.tools.ant.util,StringUtilsTest,testParseHumanSizes,Magic Number
ant,org.apache.tools.ant.util,StringUtilsTest,testParseHumanSizes,Magic Number
ant,org.apache.tools.ant.util,StringUtilsTest,testParseHumanSizes,Magic Number
ant,org.apache.tools.ant.util,VectorSetTest,testRemoveAtEndWhenSizeEqualsCapacity,Magic Number
ant,org.apache.tools.ant.util,VectorSetTest,testRemoveAtEndWhenSizeEqualsCapacity,Magic Number
ant,org.apache.tools.ant.util,VectorSetTest,testRemoveAtEndWhenSizeEqualsCapacity,Magic Number
ant,org.apache.tools.ant.util,VectorSetTest,testRemoveAtEndWhenSizeEqualsCapacity,Magic Number
ant,org.apache.tools.ant.util,VectorSetTest,testRemoveAtFrontWhenSizeEqualsCapacity,Magic Number
ant,org.apache.tools.ant.util,VectorSetTest,testRemoveAtFrontWhenSizeEqualsCapacity,Magic Number
ant,org.apache.tools.ant.util,VectorSetTest,testRemoveAtFrontWhenSizeEqualsCapacity,Magic Number
ant,org.apache.tools.ant.util,VectorSetTest,testRemoveAtFrontWhenSizeEqualsCapacity,Magic Number
ant,org.apache.tools.ant.util,VectorSetTest,testRemoveInMiddleWhenSizeEqualsCapacity,Magic Number
ant,org.apache.tools.ant.util,VectorSetTest,testRemoveInMiddleWhenSizeEqualsCapacity,Magic Number
ant,org.apache.tools.ant.util,VectorSetTest,testRemoveInMiddleWhenSizeEqualsCapacity,Magic Number
ant,org.apache.tools.ant.util,VectorSetTest,testRemoveInMiddleWhenSizeEqualsCapacity,Magic Number
ant,org.apache.tools.ant.util,VectorSetTest,testRemoveRange,Magic Number
ant,org.apache.tools.ant.util,VectorSetTest,testRemoveRange,Magic Number
ant,org.apache.tools.ant.util,VectorSetTest,testRetainAll,Magic Number
ant,org.apache.tools.ant.util,VectorSetTest,testRetainAllReturnValueAndEmptiness,Magic Number
ant,org.apache.tools.ant.util,VectorSetTest,testRetainAllReturnValueAndEmptiness,Magic Number
ant,org.apache.tools.ant.util,VectorSetTest,testRetainAllReturnValueAndEmptiness,Magic Number
ant,org.apache.tools.ant.util,VectorSetTest,testRetainAllReturnValueAndEmptiness,Magic Number
ant,org.apache.tools.ant.util,VectorSetTest,testRetainAllReturnValueAndEmptiness,Magic Number
ant,org.apache.tools.ant.util,VectorSetTest,testRetainAllReturnValueAndEmptiness,Magic Number
ant,org.apache.tools.ant.util,VectorSetTest,testRetainAllReturnValueAndEmptiness,Magic Number
ant,org.apache.tools.ant.util,VectorSetTest,testRetainAllReturnValueAndEmptiness,Magic Number
ant,org.apache.tools.ant.util,VectorSetTest,testRetainAllReturnValueAndEmptiness,Magic Number
ant,org.apache.tools.ant.util,VectorSetTest,testRetainAllReturnValueAndEmptiness,Magic Number
ant,org.apache.tools.ant.util,VectorSetTest,testRetainAllSpeed,Magic Number
ant,org.apache.tools.ant.util,VectorSetTest,testRetainAllSpeed,Magic Number
ant,org.apache.tools.ant.util,VectorSetTest,testRetainAllSpeed,Magic Number
ant,org.apache.tools.ant.util,VectorSetTest,testRetainAllSpeed,Magic Number
ant,org.apache.tools.ant.util,XMLFragmentTest,testNestedChildren,Magic Number
ant,org.apache.tools.ant.util,XMLFragmentTest,testNestedChildren,Magic Number
ant,org.apache.tools.ant.util,XMLFragmentTest,testNestedChildren,Magic Number
ant,org.apache.tools.ant.util.depend.bcel,AncestorAnalyzer,determineDependencies,Complex Method
ant,org.apache.tools.ant.util.depend.bcel,AncestorAnalyzer,determineDependencies,Empty catch clause
ant,org.apache.tools.ant.util.depend.bcel,AncestorAnalyzer,determineDependencies,Magic Number
ant,org.apache.tools.ant.util.depend.bcel,DependencyVisitor,visitConstantNameAndType,Magic Number
ant,org.apache.tools.ant.util.depend.bcel,DependencyVisitor,visitConstantNameAndType,Magic Number
ant,org.apache.tools.ant.util.depend.bcel,FullAnalyzer,determineDependencies,Empty catch clause
ant,org.apache.tools.ant.util.depend.bcel,FullAnalyzer,determineDependencies,Long Statement
ant,org.apache.tools.ant.util.depend.bcel,FullAnalyzer,determineDependencies,Magic Number
ant,org.apache.tools.ant.util.facade,FacadeTaskHelper,getArgs,Long Statement
ant,org.apache.tools.ant.util.facade,ImplementationSpecificArgumentTest,testDependsOnImplementation,Magic Number
ant,org.apache.tools.ant.util.facade,ImplementationSpecificArgumentTest,testDependsOnImplementation,Magic Number
ant,org.apache.tools.ant.util.facade,ImplementationSpecificArgumentTest,testDependsOnImplementation,Magic Number
ant,org.apache.tools.ant.util.optional,JavaxScriptRunner,evaluateScript,Complex Method
ant,org.apache.tools.ant.util.optional,JavaxScriptRunner,evaluateScript,Long Statement
ant,org.apache.tools.ant.util.optional,JavaxScriptRunner,applyBindings,Long Statement
ant,org.apache.tools.ant.util.regexp,Jdk14RegexpRegexp,substitute,Complex Method
ant,org.apache.tools.ant.util.regexp,RegexpUtil,removeFlag,Magic Number
ant,org.apache.tools.ant.util.regexp,RegexpMatcherTest,testGroups,Magic Number
ant,org.apache.tools.ant.util.regexp,RegexpMatcherTest,testGroups,Magic Number
ant,org.apache.tools.ant.util.regexp,RegexpMatcherTest,testGroups,Magic Number
ant,org.apache.tools.ant.util.regexp,RegexpMatcherTest,testBugzillaReport14619,Magic Number
ant,org.apache.tools.ant.util.regexp,RegexpMatcherTest,testBugzillaReport14619,Magic Number
ant,org.apache.tools.ant.util.regexp,RegexpMatcherTest,testBugzillaReport14619,Magic Number
ant,org.apache.tools.ant.util.regexp,RegexpMatcherTest,testBugzillaReport14619,Magic Number
ant,org.apache.tools.bzip2,BlockSort,blockSort,Magic Number
ant,org.apache.tools.bzip2,BlockSort,fallbackSimpleSort,Magic Number
ant,org.apache.tools.bzip2,BlockSort,fallbackSimpleSort,Magic Number
ant,org.apache.tools.bzip2,BlockSort,fallbackSimpleSort,Magic Number
ant,org.apache.tools.bzip2,BlockSort,fallbackSimpleSort,Magic Number
ant,org.apache.tools.bzip2,BlockSort,fallbackSimpleSort,Magic Number
ant,org.apache.tools.bzip2,BlockSort,fallbackSimpleSort,Magic Number
ant,org.apache.tools.bzip2,BlockSort,fallbackQSort3,Complex Method
ant,org.apache.tools.bzip2,BlockSort,fallbackQSort3,Magic Number
ant,org.apache.tools.bzip2,BlockSort,fallbackQSort3,Magic Number
ant,org.apache.tools.bzip2,BlockSort,fallbackQSort3,Magic Number
ant,org.apache.tools.bzip2,BlockSort,getEclass,Magic Number
ant,org.apache.tools.bzip2,BlockSort,fallbackSort,Complex Method
ant,org.apache.tools.bzip2,BlockSort,fallbackSort,Magic Number
ant,org.apache.tools.bzip2,BlockSort,fallbackSort,Magic Number
ant,org.apache.tools.bzip2,BlockSort,fallbackSort,Magic Number
ant,org.apache.tools.bzip2,BlockSort,fallbackSort,Magic Number
ant,org.apache.tools.bzip2,BlockSort,fallbackSort,Magic Number
ant,org.apache.tools.bzip2,BlockSort,fallbackSort,Magic Number
ant,org.apache.tools.bzip2,BlockSort,fallbackSort,Magic Number
ant,org.apache.tools.bzip2,BlockSort,fallbackSort,Magic Number
ant,org.apache.tools.bzip2,BlockSort,fallbackSort,Magic Number
ant,org.apache.tools.bzip2,BlockSort,fallbackSort,Magic Number
ant,org.apache.tools.bzip2,BlockSort,mainSimpleSort,Complex Conditional
ant,org.apache.tools.bzip2,BlockSort,mainSimpleSort,Complex Method
ant,org.apache.tools.bzip2,BlockSort,mainSimpleSort,Long Method
ant,org.apache.tools.bzip2,BlockSort,mainSimpleSort,Long Parameter List
ant,org.apache.tools.bzip2,BlockSort,mainSimpleSort,Magic Number
ant,org.apache.tools.bzip2,BlockSort,mainSimpleSort,Magic Number
ant,org.apache.tools.bzip2,BlockSort,mainSimpleSort,Magic Number
ant,org.apache.tools.bzip2,BlockSort,mainSimpleSort,Magic Number
ant,org.apache.tools.bzip2,BlockSort,mainSimpleSort,Magic Number
ant,org.apache.tools.bzip2,BlockSort,mainSimpleSort,Magic Number
ant,org.apache.tools.bzip2,BlockSort,mainSimpleSort,Magic Number
ant,org.apache.tools.bzip2,BlockSort,mainSimpleSort,Magic Number
ant,org.apache.tools.bzip2,BlockSort,mainSimpleSort,Magic Number
ant,org.apache.tools.bzip2,BlockSort,mainSimpleSort,Magic Number
ant,org.apache.tools.bzip2,BlockSort,mainSimpleSort,Magic Number
ant,org.apache.tools.bzip2,BlockSort,mainSimpleSort,Magic Number
ant,org.apache.tools.bzip2,BlockSort,mainSimpleSort,Magic Number
ant,org.apache.tools.bzip2,BlockSort,mainSimpleSort,Magic Number
ant,org.apache.tools.bzip2,BlockSort,mainSimpleSort,Magic Number
ant,org.apache.tools.bzip2,BlockSort,mainSimpleSort,Magic Number
ant,org.apache.tools.bzip2,BlockSort,mainSimpleSort,Magic Number
ant,org.apache.tools.bzip2,BlockSort,mainSimpleSort,Magic Number
ant,org.apache.tools.bzip2,BlockSort,mainSimpleSort,Magic Number
ant,org.apache.tools.bzip2,BlockSort,mainSimpleSort,Magic Number
ant,org.apache.tools.bzip2,BlockSort,mainSimpleSort,Magic Number
ant,org.apache.tools.bzip2,BlockSort,mainSimpleSort,Magic Number
ant,org.apache.tools.bzip2,BlockSort,mainSimpleSort,Magic Number
ant,org.apache.tools.bzip2,BlockSort,mainSimpleSort,Magic Number
ant,org.apache.tools.bzip2,BlockSort,mainSimpleSort,Magic Number
ant,org.apache.tools.bzip2,BlockSort,mainSimpleSort,Magic Number
ant,org.apache.tools.bzip2,BlockSort,mainSimpleSort,Magic Number
ant,org.apache.tools.bzip2,BlockSort,mainSimpleSort,Magic Number
ant,org.apache.tools.bzip2,BlockSort,mainSimpleSort,Magic Number
ant,org.apache.tools.bzip2,BlockSort,mainSimpleSort,Magic Number
ant,org.apache.tools.bzip2,BlockSort,mainSimpleSort,Magic Number
ant,org.apache.tools.bzip2,BlockSort,mainSimpleSort,Magic Number
ant,org.apache.tools.bzip2,BlockSort,mainSimpleSort,Magic Number
ant,org.apache.tools.bzip2,BlockSort,mainSimpleSort,Magic Number
ant,org.apache.tools.bzip2,BlockSort,mainSimpleSort,Magic Number
ant,org.apache.tools.bzip2,BlockSort,mainSimpleSort,Magic Number
ant,org.apache.tools.bzip2,BlockSort,mainSimpleSort,Magic Number
ant,org.apache.tools.bzip2,BlockSort,mainSimpleSort,Magic Number
ant,org.apache.tools.bzip2,BlockSort,mainSimpleSort,Magic Number
ant,org.apache.tools.bzip2,BlockSort,mainSimpleSort,Magic Number
ant,org.apache.tools.bzip2,BlockSort,mainSimpleSort,Magic Number
ant,org.apache.tools.bzip2,BlockSort,mainSimpleSort,Magic Number
ant,org.apache.tools.bzip2,BlockSort,mainSimpleSort,Magic Number
ant,org.apache.tools.bzip2,BlockSort,mainSimpleSort,Magic Number
ant,org.apache.tools.bzip2,BlockSort,mainSimpleSort,Magic Number
ant,org.apache.tools.bzip2,BlockSort,mainSimpleSort,Magic Number
ant,org.apache.tools.bzip2,BlockSort,mainSimpleSort,Magic Number
ant,org.apache.tools.bzip2,BlockSort,mainSimpleSort,Magic Number
ant,org.apache.tools.bzip2,BlockSort,mainSimpleSort,Magic Number
ant,org.apache.tools.bzip2,BlockSort,mainSimpleSort,Magic Number
ant,org.apache.tools.bzip2,BlockSort,mainSimpleSort,Magic Number
ant,org.apache.tools.bzip2,BlockSort,mainSimpleSort,Magic Number
ant,org.apache.tools.bzip2,BlockSort,mainSimpleSort,Magic Number
ant,org.apache.tools.bzip2,BlockSort,mainSimpleSort,Magic Number
ant,org.apache.tools.bzip2,BlockSort,mainSimpleSort,Magic Number
ant,org.apache.tools.bzip2,BlockSort,mainSimpleSort,Magic Number
ant,org.apache.tools.bzip2,BlockSort,mainSimpleSort,Magic Number
ant,org.apache.tools.bzip2,BlockSort,mainSimpleSort,Magic Number
ant,org.apache.tools.bzip2,BlockSort,mainSimpleSort,Magic Number
ant,org.apache.tools.bzip2,BlockSort,mainSimpleSort,Magic Number
ant,org.apache.tools.bzip2,BlockSort,mainSimpleSort,Magic Number
ant,org.apache.tools.bzip2,BlockSort,mainSimpleSort,Magic Number
ant,org.apache.tools.bzip2,BlockSort,mainSimpleSort,Magic Number
ant,org.apache.tools.bzip2,BlockSort,mainQSort3,Complex Method
ant,org.apache.tools.bzip2,BlockSort,mainQSort3,Long Parameter List
ant,org.apache.tools.bzip2,BlockSort,mainQSort3,Magic Number
ant,org.apache.tools.bzip2,BlockSort,mainQSort3,Magic Number
ant,org.apache.tools.bzip2,BlockSort,mainQSort3,Magic Number
ant,org.apache.tools.bzip2,BlockSort,mainSort,Complex Method
ant,org.apache.tools.bzip2,BlockSort,mainSort,Long Method
ant,org.apache.tools.bzip2,BlockSort,mainSort,Magic Number
ant,org.apache.tools.bzip2,BlockSort,mainSort,Magic Number
ant,org.apache.tools.bzip2,BlockSort,mainSort,Magic Number
ant,org.apache.tools.bzip2,BlockSort,mainSort,Magic Number
ant,org.apache.tools.bzip2,BlockSort,mainSort,Magic Number
ant,org.apache.tools.bzip2,BlockSort,mainSort,Magic Number
ant,org.apache.tools.bzip2,BlockSort,mainSort,Magic Number
ant,org.apache.tools.bzip2,BlockSort,mainSort,Magic Number
ant,org.apache.tools.bzip2,BlockSort,mainSort,Magic Number
ant,org.apache.tools.bzip2,BlockSort,mainSort,Magic Number
ant,org.apache.tools.bzip2,BlockSort,mainSort,Magic Number
ant,org.apache.tools.bzip2,BlockSort,mainSort,Magic Number
ant,org.apache.tools.bzip2,BlockSort,mainSort,Magic Number
ant,org.apache.tools.bzip2,BlockSort,mainSort,Magic Number
ant,org.apache.tools.bzip2,BlockSort,mainSort,Magic Number
ant,org.apache.tools.bzip2,BlockSort,mainSort,Magic Number
ant,org.apache.tools.bzip2,BlockSort,mainSort,Magic Number
ant,org.apache.tools.bzip2,BlockSort,mainSort,Magic Number
ant,org.apache.tools.bzip2,BlockSort,mainSort,Magic Number
ant,org.apache.tools.bzip2,BlockSort,mainSort,Magic Number
ant,org.apache.tools.bzip2,BlockSort,mainSort,Magic Number
ant,org.apache.tools.bzip2,BlockSort,mainSort,Magic Number
ant,org.apache.tools.bzip2,BlockSort,mainSort,Magic Number
ant,org.apache.tools.bzip2,BlockSort,mainSort,Magic Number
ant,org.apache.tools.bzip2,BlockSort,mainSort,Magic Number
ant,org.apache.tools.bzip2,BlockSort,mainSort,Magic Number
ant,org.apache.tools.bzip2,BlockSort,mainSort,Magic Number
ant,org.apache.tools.bzip2,BlockSort,mainSort,Magic Number
ant,org.apache.tools.bzip2,BlockSort,mainSort,Magic Number
ant,org.apache.tools.bzip2,BlockSort,mainSort,Magic Number
ant,org.apache.tools.bzip2,BlockSort,mainSort,Magic Number
ant,org.apache.tools.bzip2,BlockSort,mainSort,Magic Number
ant,org.apache.tools.bzip2,BlockSort,mainSort,Magic Number
ant,org.apache.tools.bzip2,BlockSort,mainSort,Magic Number
ant,org.apache.tools.bzip2,BlockSort,mainSort,Magic Number
ant,org.apache.tools.bzip2,BlockSort,mainSort,Magic Number
ant,org.apache.tools.bzip2,CBZip2InputStream,makeMaps,Magic Number
ant,org.apache.tools.bzip2,CBZip2InputStream,read0,Complex Method
ant,org.apache.tools.bzip2,CBZip2InputStream,read0,Missing default
ant,org.apache.tools.bzip2,CBZip2InputStream,init,Complex Method
ant,org.apache.tools.bzip2,CBZip2InputStream,initBlock,Complex Conditional
ant,org.apache.tools.bzip2,CBZip2InputStream,initBlock,Complex Conditional
ant,org.apache.tools.bzip2,CBZip2InputStream,initBlock,Magic Number
ant,org.apache.tools.bzip2,CBZip2InputStream,initBlock,Magic Number
ant,org.apache.tools.bzip2,CBZip2InputStream,initBlock,Magic Number
ant,org.apache.tools.bzip2,CBZip2InputStream,initBlock,Magic Number
ant,org.apache.tools.bzip2,CBZip2InputStream,initBlock,Magic Number
ant,org.apache.tools.bzip2,CBZip2InputStream,initBlock,Magic Number
ant,org.apache.tools.bzip2,CBZip2InputStream,initBlock,Magic Number
ant,org.apache.tools.bzip2,CBZip2InputStream,initBlock,Magic Number
ant,org.apache.tools.bzip2,CBZip2InputStream,initBlock,Magic Number
ant,org.apache.tools.bzip2,CBZip2InputStream,initBlock,Magic Number
ant,org.apache.tools.bzip2,CBZip2InputStream,initBlock,Magic Number
ant,org.apache.tools.bzip2,CBZip2InputStream,initBlock,Magic Number
ant,org.apache.tools.bzip2,CBZip2InputStream,endBlock,Magic Number
ant,org.apache.tools.bzip2,CBZip2InputStream,endBlock,Magic Number
ant,org.apache.tools.bzip2,CBZip2InputStream,bsR,Magic Number
ant,org.apache.tools.bzip2,CBZip2InputStream,bsR,Magic Number
ant,org.apache.tools.bzip2,CBZip2InputStream,bsGetBit,Magic Number
ant,org.apache.tools.bzip2,CBZip2InputStream,bsGetBit,Magic Number
ant,org.apache.tools.bzip2,CBZip2InputStream,bsGetUByte,Magic Number
ant,org.apache.tools.bzip2,CBZip2InputStream,bsGetInt,Magic Number
ant,org.apache.tools.bzip2,CBZip2InputStream,bsGetInt,Magic Number
ant,org.apache.tools.bzip2,CBZip2InputStream,bsGetInt,Magic Number
ant,org.apache.tools.bzip2,CBZip2InputStream,bsGetInt,Magic Number
ant,org.apache.tools.bzip2,CBZip2InputStream,bsGetInt,Magic Number
ant,org.apache.tools.bzip2,CBZip2InputStream,bsGetInt,Magic Number
ant,org.apache.tools.bzip2,CBZip2InputStream,bsGetInt,Magic Number
ant,org.apache.tools.bzip2,CBZip2InputStream,hbCreateDecodeTables,Complex Method
ant,org.apache.tools.bzip2,CBZip2InputStream,hbCreateDecodeTables,Long Parameter List
ant,org.apache.tools.bzip2,CBZip2InputStream,recvDecodingTables,Complex Method
ant,org.apache.tools.bzip2,CBZip2InputStream,recvDecodingTables,Magic Number
ant,org.apache.tools.bzip2,CBZip2InputStream,recvDecodingTables,Magic Number
ant,org.apache.tools.bzip2,CBZip2InputStream,recvDecodingTables,Magic Number
ant,org.apache.tools.bzip2,CBZip2InputStream,recvDecodingTables,Magic Number
ant,org.apache.tools.bzip2,CBZip2InputStream,recvDecodingTables,Magic Number
ant,org.apache.tools.bzip2,CBZip2InputStream,recvDecodingTables,Magic Number
ant,org.apache.tools.bzip2,CBZip2InputStream,recvDecodingTables,Magic Number
ant,org.apache.tools.bzip2,CBZip2InputStream,recvDecodingTables,Magic Number
ant,org.apache.tools.bzip2,CBZip2InputStream,recvDecodingTables,Magic Number
ant,org.apache.tools.bzip2,CBZip2InputStream,recvDecodingTables,Magic Number
ant,org.apache.tools.bzip2,CBZip2InputStream,createHuffmanDecodingTables,Magic Number
ant,org.apache.tools.bzip2,CBZip2InputStream,getAndMoveToFrontDecode,Complex Method
ant,org.apache.tools.bzip2,CBZip2InputStream,getAndMoveToFrontDecode,Long Method
ant,org.apache.tools.bzip2,CBZip2InputStream,getAndMoveToFrontDecode,Magic Number
ant,org.apache.tools.bzip2,CBZip2InputStream,getAndMoveToFrontDecode,Magic Number
ant,org.apache.tools.bzip2,CBZip2InputStream,getAndMoveToFrontDecode,Magic Number
ant,org.apache.tools.bzip2,CBZip2InputStream,getAndMoveToFrontDecode,Magic Number
ant,org.apache.tools.bzip2,CBZip2InputStream,getAndMoveToFrontDecode,Magic Number
ant,org.apache.tools.bzip2,CBZip2InputStream,getAndMoveToFrontDecode,Magic Number
ant,org.apache.tools.bzip2,CBZip2InputStream,getAndMoveToFrontDecode,Magic Number
ant,org.apache.tools.bzip2,CBZip2InputStream,getAndMoveToFrontDecode,Magic Number
ant,org.apache.tools.bzip2,CBZip2InputStream,getAndMoveToFrontDecode,Magic Number
ant,org.apache.tools.bzip2,CBZip2InputStream,getAndMoveToFrontDecode,Magic Number
ant,org.apache.tools.bzip2,CBZip2InputStream,getAndMoveToFrontDecode,Magic Number
ant,org.apache.tools.bzip2,CBZip2InputStream,getAndMoveToFrontDecode,Magic Number
ant,org.apache.tools.bzip2,CBZip2InputStream,getAndMoveToFrontDecode,Magic Number
ant,org.apache.tools.bzip2,CBZip2InputStream,getAndMoveToFrontDecode,Magic Number
ant,org.apache.tools.bzip2,CBZip2InputStream,getAndMoveToFrontDecode,Magic Number
ant,org.apache.tools.bzip2,CBZip2InputStream,getAndMoveToFrontDecode,Magic Number
ant,org.apache.tools.bzip2,CBZip2InputStream,getAndMoveToFrontDecode,Magic Number
ant,org.apache.tools.bzip2,CBZip2InputStream,getAndMoveToFrontDecode0,Magic Number
ant,org.apache.tools.bzip2,CBZip2InputStream,getAndMoveToFrontDecode0,Magic Number
ant,org.apache.tools.bzip2,CBZip2InputStream,getAndMoveToFrontDecode0,Magic Number
ant,org.apache.tools.bzip2,CBZip2InputStream,setupBlock,Magic Number
ant,org.apache.tools.bzip2,CBZip2InputStream,setupBlock,Magic Number
ant,org.apache.tools.bzip2,CBZip2InputStream,setupBlock,Magic Number
ant,org.apache.tools.bzip2,CBZip2InputStream,setupBlock,Magic Number
ant,org.apache.tools.bzip2,CBZip2InputStream,setupRandPartA,Magic Number
ant,org.apache.tools.bzip2,CBZip2InputStream,setupRandPartA,Magic Number
ant,org.apache.tools.bzip2,CBZip2InputStream,setupNoRandPartA,Magic Number
ant,org.apache.tools.bzip2,CBZip2InputStream,setupRandPartB,Magic Number
ant,org.apache.tools.bzip2,CBZip2InputStream,setupRandPartB,Magic Number
ant,org.apache.tools.bzip2,CBZip2InputStream,setupRandPartB,Magic Number
ant,org.apache.tools.bzip2,CBZip2InputStream,setupNoRandPartB,Magic Number
ant,org.apache.tools.bzip2,CBZip2InputStream,setupNoRandPartB,Magic Number
ant,org.apache.tools.bzip2,CBZip2OutputStream,hbMakeCodeLengths,Complex Method
ant,org.apache.tools.bzip2,CBZip2OutputStream,hbMakeCodeLengths,Long Method
ant,org.apache.tools.bzip2,CBZip2OutputStream,hbMakeCodeLengths,Long Statement
ant,org.apache.tools.bzip2,CBZip2OutputStream,hbMakeCodeLengths,Magic Number
ant,org.apache.tools.bzip2,CBZip2OutputStream,hbMakeCodeLengths,Magic Number
ant,org.apache.tools.bzip2,CBZip2OutputStream,hbMakeCodeLengths,Magic Number
ant,org.apache.tools.bzip2,CBZip2OutputStream,hbMakeCodeLengths,Magic Number
ant,org.apache.tools.bzip2,CBZip2OutputStream,hbMakeCodeLengths,Magic Number
ant,org.apache.tools.bzip2,CBZip2OutputStream,hbMakeCodeLengths,Magic Number
ant,org.apache.tools.bzip2,CBZip2OutputStream,hbMakeCodeLengths,Magic Number
ant,org.apache.tools.bzip2,CBZip2OutputStream,hbMakeCodeLengths,Magic Number
ant,org.apache.tools.bzip2,CBZip2OutputStream,hbMakeCodeLengths,Magic Number
ant,org.apache.tools.bzip2,CBZip2OutputStream,hbMakeCodeLengths,Magic Number
ant,org.apache.tools.bzip2,CBZip2OutputStream,hbMakeCodeLengths,Magic Number
ant,org.apache.tools.bzip2,CBZip2OutputStream,hbMakeCodeLengths,Magic Number
ant,org.apache.tools.bzip2,CBZip2OutputStream,hbMakeCodeLengths,Magic Number
ant,org.apache.tools.bzip2,CBZip2OutputStream,hbMakeCodeLengths,Complex Method
ant,org.apache.tools.bzip2,CBZip2OutputStream,hbMakeCodeLengths,Long Method
ant,org.apache.tools.bzip2,CBZip2OutputStream,hbMakeCodeLengths,Long Parameter List
ant,org.apache.tools.bzip2,CBZip2OutputStream,hbMakeCodeLengths,Long Statement
ant,org.apache.tools.bzip2,CBZip2OutputStream,hbMakeCodeLengths,Magic Number
ant,org.apache.tools.bzip2,CBZip2OutputStream,hbMakeCodeLengths,Magic Number
ant,org.apache.tools.bzip2,CBZip2OutputStream,hbMakeCodeLengths,Magic Number
ant,org.apache.tools.bzip2,CBZip2OutputStream,hbMakeCodeLengths,Magic Number
ant,org.apache.tools.bzip2,CBZip2OutputStream,hbMakeCodeLengths,Magic Number
ant,org.apache.tools.bzip2,CBZip2OutputStream,hbMakeCodeLengths,Magic Number
ant,org.apache.tools.bzip2,CBZip2OutputStream,hbMakeCodeLengths,Magic Number
ant,org.apache.tools.bzip2,CBZip2OutputStream,hbMakeCodeLengths,Magic Number
ant,org.apache.tools.bzip2,CBZip2OutputStream,hbMakeCodeLengths,Magic Number
ant,org.apache.tools.bzip2,CBZip2OutputStream,hbMakeCodeLengths,Magic Number
ant,org.apache.tools.bzip2,CBZip2OutputStream,chooseBlockSize,Magic Number
ant,org.apache.tools.bzip2,CBZip2OutputStream,chooseBlockSize,Magic Number
ant,org.apache.tools.bzip2,CBZip2OutputStream,CBZip2OutputStream,Magic Number
ant,org.apache.tools.bzip2,CBZip2OutputStream,CBZip2OutputStream,Magic Number
ant,org.apache.tools.bzip2,CBZip2OutputStream,writeRun,Magic Number
ant,org.apache.tools.bzip2,CBZip2OutputStream,writeRun,Magic Number
ant,org.apache.tools.bzip2,CBZip2OutputStream,writeRun,Magic Number
ant,org.apache.tools.bzip2,CBZip2OutputStream,writeRun,Magic Number
ant,org.apache.tools.bzip2,CBZip2OutputStream,writeRun,Magic Number
ant,org.apache.tools.bzip2,CBZip2OutputStream,writeRun,Magic Number
ant,org.apache.tools.bzip2,CBZip2OutputStream,writeRun,Magic Number
ant,org.apache.tools.bzip2,CBZip2OutputStream,writeRun,Magic Number
ant,org.apache.tools.bzip2,CBZip2OutputStream,writeRun,Magic Number
ant,org.apache.tools.bzip2,CBZip2OutputStream,writeRun,Magic Number
ant,org.apache.tools.bzip2,CBZip2OutputStream,writeRun,Magic Number
ant,org.apache.tools.bzip2,CBZip2OutputStream,writeRun,Magic Number
ant,org.apache.tools.bzip2,CBZip2OutputStream,writeRun,Magic Number
ant,org.apache.tools.bzip2,CBZip2OutputStream,writeRun,Magic Number
ant,org.apache.tools.bzip2,CBZip2OutputStream,writeRun,Magic Number
ant,org.apache.tools.bzip2,CBZip2OutputStream,writeRun,Magic Number
ant,org.apache.tools.bzip2,CBZip2OutputStream,writeRun,Magic Number
ant,org.apache.tools.bzip2,CBZip2OutputStream,writeRun,Missing default
ant,org.apache.tools.bzip2,CBZip2OutputStream,initBlock,Magic Number
ant,org.apache.tools.bzip2,CBZip2OutputStream,endBlock,Magic Number
ant,org.apache.tools.bzip2,CBZip2OutputStream,endBlock,Magic Number
ant,org.apache.tools.bzip2,CBZip2OutputStream,endBlock,Magic Number
ant,org.apache.tools.bzip2,CBZip2OutputStream,endBlock,Magic Number
ant,org.apache.tools.bzip2,CBZip2OutputStream,endBlock,Magic Number
ant,org.apache.tools.bzip2,CBZip2OutputStream,endBlock,Magic Number
ant,org.apache.tools.bzip2,CBZip2OutputStream,endBlock,Magic Number
ant,org.apache.tools.bzip2,CBZip2OutputStream,endCompression,Magic Number
ant,org.apache.tools.bzip2,CBZip2OutputStream,endCompression,Magic Number
ant,org.apache.tools.bzip2,CBZip2OutputStream,endCompression,Magic Number
ant,org.apache.tools.bzip2,CBZip2OutputStream,endCompression,Magic Number
ant,org.apache.tools.bzip2,CBZip2OutputStream,endCompression,Magic Number
ant,org.apache.tools.bzip2,CBZip2OutputStream,endCompression,Magic Number
ant,org.apache.tools.bzip2,CBZip2OutputStream,write0,Magic Number
ant,org.apache.tools.bzip2,CBZip2OutputStream,write0,Magic Number
ant,org.apache.tools.bzip2,CBZip2OutputStream,write0,Magic Number
ant,org.apache.tools.bzip2,CBZip2OutputStream,hbAssignCodes,Long Parameter List
ant,org.apache.tools.bzip2,CBZip2OutputStream,hbAssignCodes,Magic Number
ant,org.apache.tools.bzip2,CBZip2OutputStream,bsFinishedWithStream,Magic Number
ant,org.apache.tools.bzip2,CBZip2OutputStream,bsFinishedWithStream,Magic Number
ant,org.apache.tools.bzip2,CBZip2OutputStream,bsFinishedWithStream,Magic Number
ant,org.apache.tools.bzip2,CBZip2OutputStream,bsW,Magic Number
ant,org.apache.tools.bzip2,CBZip2OutputStream,bsW,Magic Number
ant,org.apache.tools.bzip2,CBZip2OutputStream,bsW,Magic Number
ant,org.apache.tools.bzip2,CBZip2OutputStream,bsW,Magic Number
ant,org.apache.tools.bzip2,CBZip2OutputStream,bsW,Magic Number
ant,org.apache.tools.bzip2,CBZip2OutputStream,bsPutUByte,Magic Number
ant,org.apache.tools.bzip2,CBZip2OutputStream,bsPutInt,Magic Number
ant,org.apache.tools.bzip2,CBZip2OutputStream,bsPutInt,Magic Number
ant,org.apache.tools.bzip2,CBZip2OutputStream,bsPutInt,Magic Number
ant,org.apache.tools.bzip2,CBZip2OutputStream,bsPutInt,Magic Number
ant,org.apache.tools.bzip2,CBZip2OutputStream,bsPutInt,Magic Number
ant,org.apache.tools.bzip2,CBZip2OutputStream,bsPutInt,Magic Number
ant,org.apache.tools.bzip2,CBZip2OutputStream,bsPutInt,Magic Number
ant,org.apache.tools.bzip2,CBZip2OutputStream,bsPutInt,Magic Number
ant,org.apache.tools.bzip2,CBZip2OutputStream,bsPutInt,Magic Number
ant,org.apache.tools.bzip2,CBZip2OutputStream,bsPutInt,Magic Number
ant,org.apache.tools.bzip2,CBZip2OutputStream,bsPutInt,Magic Number
ant,org.apache.tools.bzip2,CBZip2OutputStream,sendMTFValues,Magic Number
ant,org.apache.tools.bzip2,CBZip2OutputStream,sendMTFValues,Magic Number
ant,org.apache.tools.bzip2,CBZip2OutputStream,sendMTFValues,Magic Number
ant,org.apache.tools.bzip2,CBZip2OutputStream,sendMTFValues,Magic Number
ant,org.apache.tools.bzip2,CBZip2OutputStream,sendMTFValues,Magic Number
ant,org.apache.tools.bzip2,CBZip2OutputStream,sendMTFValues,Magic Number
ant,org.apache.tools.bzip2,CBZip2OutputStream,sendMTFValues,Magic Number
ant,org.apache.tools.bzip2,CBZip2OutputStream,sendMTFValues,Magic Number
ant,org.apache.tools.bzip2,CBZip2OutputStream,sendMTFValues,Magic Number
ant,org.apache.tools.bzip2,CBZip2OutputStream,sendMTFValues,Magic Number
ant,org.apache.tools.bzip2,CBZip2OutputStream,sendMTFValues0,Complex Conditional
ant,org.apache.tools.bzip2,CBZip2OutputStream,sendMTFValues1,Complex Method
ant,org.apache.tools.bzip2,CBZip2OutputStream,sendMTFValues1,Magic Number
ant,org.apache.tools.bzip2,CBZip2OutputStream,sendMTFValues1,Magic Number
ant,org.apache.tools.bzip2,CBZip2OutputStream,sendMTFValues1,Magic Number
ant,org.apache.tools.bzip2,CBZip2OutputStream,sendMTFValues1,Magic Number
ant,org.apache.tools.bzip2,CBZip2OutputStream,sendMTFValues1,Magic Number
ant,org.apache.tools.bzip2,CBZip2OutputStream,sendMTFValues1,Magic Number
ant,org.apache.tools.bzip2,CBZip2OutputStream,sendMTFValues1,Magic Number
ant,org.apache.tools.bzip2,CBZip2OutputStream,sendMTFValues1,Magic Number
ant,org.apache.tools.bzip2,CBZip2OutputStream,sendMTFValues1,Magic Number
ant,org.apache.tools.bzip2,CBZip2OutputStream,sendMTFValues1,Magic Number
ant,org.apache.tools.bzip2,CBZip2OutputStream,sendMTFValues1,Magic Number
ant,org.apache.tools.bzip2,CBZip2OutputStream,sendMTFValues1,Magic Number
ant,org.apache.tools.bzip2,CBZip2OutputStream,sendMTFValues1,Magic Number
ant,org.apache.tools.bzip2,CBZip2OutputStream,sendMTFValues1,Magic Number
ant,org.apache.tools.bzip2,CBZip2OutputStream,sendMTFValues1,Magic Number
ant,org.apache.tools.bzip2,CBZip2OutputStream,sendMTFValues1,Magic Number
ant,org.apache.tools.bzip2,CBZip2OutputStream,sendMTFValues1,Magic Number
ant,org.apache.tools.bzip2,CBZip2OutputStream,sendMTFValues3,Magic Number
ant,org.apache.tools.bzip2,CBZip2OutputStream,sendMTFValues3,Magic Number
ant,org.apache.tools.bzip2,CBZip2OutputStream,sendMTFValues4,Complex Method
ant,org.apache.tools.bzip2,CBZip2OutputStream,sendMTFValues4,Magic Number
ant,org.apache.tools.bzip2,CBZip2OutputStream,sendMTFValues4,Magic Number
ant,org.apache.tools.bzip2,CBZip2OutputStream,sendMTFValues4,Magic Number
ant,org.apache.tools.bzip2,CBZip2OutputStream,sendMTFValues4,Magic Number
ant,org.apache.tools.bzip2,CBZip2OutputStream,sendMTFValues4,Magic Number
ant,org.apache.tools.bzip2,CBZip2OutputStream,sendMTFValues4,Magic Number
ant,org.apache.tools.bzip2,CBZip2OutputStream,sendMTFValues4,Magic Number
ant,org.apache.tools.bzip2,CBZip2OutputStream,sendMTFValues4,Magic Number
ant,org.apache.tools.bzip2,CBZip2OutputStream,sendMTFValues4,Magic Number
ant,org.apache.tools.bzip2,CBZip2OutputStream,sendMTFValues4,Magic Number
ant,org.apache.tools.bzip2,CBZip2OutputStream,sendMTFValues4,Magic Number
ant,org.apache.tools.bzip2,CBZip2OutputStream,sendMTFValues4,Magic Number
ant,org.apache.tools.bzip2,CBZip2OutputStream,sendMTFValues5,Magic Number
ant,org.apache.tools.bzip2,CBZip2OutputStream,sendMTFValues5,Magic Number
ant,org.apache.tools.bzip2,CBZip2OutputStream,sendMTFValues5,Magic Number
ant,org.apache.tools.bzip2,CBZip2OutputStream,sendMTFValues5,Magic Number
ant,org.apache.tools.bzip2,CBZip2OutputStream,sendMTFValues5,Magic Number
ant,org.apache.tools.bzip2,CBZip2OutputStream,sendMTFValues5,Magic Number
ant,org.apache.tools.bzip2,CBZip2OutputStream,sendMTFValues5,Magic Number
ant,org.apache.tools.bzip2,CBZip2OutputStream,sendMTFValues5,Magic Number
ant,org.apache.tools.bzip2,CBZip2OutputStream,sendMTFValues5,Magic Number
ant,org.apache.tools.bzip2,CBZip2OutputStream,sendMTFValues5,Magic Number
ant,org.apache.tools.bzip2,CBZip2OutputStream,sendMTFValues5,Magic Number
ant,org.apache.tools.bzip2,CBZip2OutputStream,sendMTFValues5,Magic Number
ant,org.apache.tools.bzip2,CBZip2OutputStream,sendMTFValues6,Complex Method
ant,org.apache.tools.bzip2,CBZip2OutputStream,sendMTFValues6,Magic Number
ant,org.apache.tools.bzip2,CBZip2OutputStream,sendMTFValues6,Magic Number
ant,org.apache.tools.bzip2,CBZip2OutputStream,sendMTFValues6,Magic Number
ant,org.apache.tools.bzip2,CBZip2OutputStream,sendMTFValues6,Magic Number
ant,org.apache.tools.bzip2,CBZip2OutputStream,sendMTFValues6,Magic Number
ant,org.apache.tools.bzip2,CBZip2OutputStream,sendMTFValues6,Magic Number
ant,org.apache.tools.bzip2,CBZip2OutputStream,sendMTFValues6,Magic Number
ant,org.apache.tools.bzip2,CBZip2OutputStream,sendMTFValues6,Magic Number
ant,org.apache.tools.bzip2,CBZip2OutputStream,sendMTFValues6,Magic Number
ant,org.apache.tools.bzip2,CBZip2OutputStream,sendMTFValues6,Magic Number
ant,org.apache.tools.bzip2,CBZip2OutputStream,sendMTFValues6,Magic Number
ant,org.apache.tools.bzip2,CBZip2OutputStream,sendMTFValues6,Magic Number
ant,org.apache.tools.bzip2,CBZip2OutputStream,sendMTFValues6,Magic Number
ant,org.apache.tools.bzip2,CBZip2OutputStream,sendMTFValues6,Magic Number
ant,org.apache.tools.bzip2,CBZip2OutputStream,sendMTFValues6,Magic Number
ant,org.apache.tools.bzip2,CBZip2OutputStream,sendMTFValues6,Magic Number
ant,org.apache.tools.bzip2,CBZip2OutputStream,sendMTFValues6,Magic Number
ant,org.apache.tools.bzip2,CBZip2OutputStream,sendMTFValues6,Magic Number
ant,org.apache.tools.bzip2,CBZip2OutputStream,sendMTFValues6,Magic Number
ant,org.apache.tools.bzip2,CBZip2OutputStream,sendMTFValues6,Magic Number
ant,org.apache.tools.bzip2,CBZip2OutputStream,sendMTFValues6,Magic Number
ant,org.apache.tools.bzip2,CBZip2OutputStream,sendMTFValues6,Magic Number
ant,org.apache.tools.bzip2,CBZip2OutputStream,sendMTFValues6,Magic Number
ant,org.apache.tools.bzip2,CBZip2OutputStream,sendMTFValues6,Magic Number
ant,org.apache.tools.bzip2,CBZip2OutputStream,sendMTFValues6,Magic Number
ant,org.apache.tools.bzip2,CBZip2OutputStream,sendMTFValues6,Magic Number
ant,org.apache.tools.bzip2,CBZip2OutputStream,sendMTFValues6,Magic Number
ant,org.apache.tools.bzip2,CBZip2OutputStream,sendMTFValues6,Magic Number
ant,org.apache.tools.bzip2,CBZip2OutputStream,sendMTFValues6,Magic Number
ant,org.apache.tools.bzip2,CBZip2OutputStream,sendMTFValues7,Magic Number
ant,org.apache.tools.bzip2,CBZip2OutputStream,sendMTFValues7,Magic Number
ant,org.apache.tools.bzip2,CBZip2OutputStream,sendMTFValues7,Magic Number
ant,org.apache.tools.bzip2,CBZip2OutputStream,sendMTFValues7,Magic Number
ant,org.apache.tools.bzip2,CBZip2OutputStream,sendMTFValues7,Magic Number
ant,org.apache.tools.bzip2,CBZip2OutputStream,sendMTFValues7,Magic Number
ant,org.apache.tools.bzip2,CBZip2OutputStream,sendMTFValues7,Magic Number
ant,org.apache.tools.bzip2,CBZip2OutputStream,moveToFrontCodeAndSend,Magic Number
ant,org.apache.tools.bzip2,CBZip2OutputStream,generateMTFValues,Complex Method
ant,org.apache.tools.bzip2,CBZip2OutputStream,generateMTFValues,Magic Number
ant,org.apache.tools.bzip2,CBZip2OutputStream,generateMTFValues,Magic Number
ant,org.apache.tools.bzip2,CBZip2OutputStream,generateMTFValues,Magic Number
ant,org.apache.tools.bzip2,CBZip2OutputStream,generateMTFValues,Magic Number
ant,org.apache.tools.bzip2,CBZip2OutputStream,generateMTFValues,Magic Number
ant,org.apache.tools.bzip2,CBZip2OutputStream,generateMTFValues,Magic Number
ant,org.apache.tools.bzip2,CBZip2OutputStream,Data,Magic Number
ant,org.apache.tools.bzip2,Data,Data,Magic Number
ant,org.apache.tools.bzip2,CRC,initialiseCRC,Magic Number
ant,org.apache.tools.bzip2,CRC,updateCRC,Magic Number
ant,org.apache.tools.bzip2,CRC,updateCRC,Magic Number
ant,org.apache.tools.bzip2,CRC,updateCRC,Magic Number
ant,org.apache.tools.bzip2,CRC,updateCRC,Magic Number
ant,org.apache.tools.bzip2,CRC,updateCRC,Magic Number
ant,org.apache.tools.bzip2,CRC,updateCRC,Magic Number
ant,org.apache.tools.mail,MailMessage,sanitizeAddress,Complex Method
ant,org.apache.tools.mail,MailMessage,disconnect,Empty catch clause
ant,org.apache.tools.mail,MailMessage,disconnect,Empty catch clause
ant,org.apache.tools.mail,SmtpResponseReader,getResponse,Magic Number
ant,org.apache.tools.mail,SmtpResponseReader,getResponse,Magic Number
ant,org.apache.tools.mail,SmtpResponseReader,hasMoreLines,Magic Number
ant,org.apache.tools.mail,SmtpResponseReader,hasMoreLines,Magic Number
ant,org.apache.tools.mail,SmtpResponseReader,appendTo,Magic Number
ant,org.apache.tools.mail,SmtpResponseReader,appendTo,Magic Number
ant,org.apache.tools.mail,MailMessageTest,setUp,Empty catch clause
ant,org.apache.tools.mail,MailMessageTest,testAPIExample,Long Statement
ant,org.apache.tools.mail,MailMessageTest,testAPIExample,Magic Number
ant,org.apache.tools.mail,MailMessageTest,testAPIExample,Magic Number
ant,org.apache.tools.mail,MailMessageTest,testToOnly,Long Statement
ant,org.apache.tools.mail,MailMessageTest,testToOnly,Magic Number
ant,org.apache.tools.mail,MailMessageTest,testToOnly,Magic Number
ant,org.apache.tools.mail,MailMessageTest,testCcOnly,Long Statement
ant,org.apache.tools.mail,MailMessageTest,testCcOnly,Magic Number
ant,org.apache.tools.mail,MailMessageTest,testCcOnly,Magic Number
ant,org.apache.tools.mail,MailMessageTest,testBccOnly,Long Statement
ant,org.apache.tools.mail,MailMessageTest,testBccOnly,Magic Number
ant,org.apache.tools.mail,MailMessageTest,testBccOnly,Magic Number
ant,org.apache.tools.mail,MailMessageTest,testNoSubject,Long Statement
ant,org.apache.tools.mail,MailMessageTest,testNoSubject,Magic Number
ant,org.apache.tools.mail,MailMessageTest,testNoSubject,Magic Number
ant,org.apache.tools.mail,MailMessageTest,testEmptyBody,Long Statement
ant,org.apache.tools.mail,MailMessageTest,testEmptyBody,Magic Number
ant,org.apache.tools.mail,MailMessageTest,testEmptyBody,Magic Number
ant,org.apache.tools.mail,MailMessageTest,testAsciiCharset,Long Statement
ant,org.apache.tools.mail,MailMessageTest,testAsciiCharset,Magic Number
ant,org.apache.tools.mail,MailMessageTest,testAsciiCharset,Magic Number
ant,org.apache.tools.mail,MailMessageTest,run,Complex Method
ant,org.apache.tools.mail,MailMessageTest,run,Magic Number
ant,org.apache.tools.mail,MailMessageTest,run,Magic Number
ant,org.apache.tools.mail,MailMessageTest,run,Magic Number
ant,org.apache.tools.mail,ClientThread,run,Complex Method
ant,org.apache.tools.mail,ClientThread,run,Magic Number
ant,org.apache.tools.mail,ClientThread,run,Magic Number
ant,org.apache.tools.mail,ClientThread,run,Magic Number
ant,org.apache.tools.tar,TarBuffer,readBlock,Complex Method
ant,org.apache.tools.tar,TarBuffer,writeRecord,Long Statement
ant,org.apache.tools.tar,TarBuffer,writeRecord,Long Statement
ant,org.apache.tools.tar,TarEntry,writeEntryHeaderField,Complex Conditional
ant,org.apache.tools.tar,TarEntry,writeEntryHeaderField,Long Parameter List
ant,org.apache.tools.tar,TarEntry,writeEntryHeaderField,Magic Number
ant,org.apache.tools.tar,TarEntry,parseTarHeader,Long Statement
ant,org.apache.tools.tar,TarEntry,parseTarHeader,Missing default
ant,org.apache.tools.tar,TarEntry,normalizeFileName,Complex Conditional
ant,org.apache.tools.tar,TarEntry,normalizeFileName,Complex Method
ant,org.apache.tools.tar,TarEntry,normalizeFileName,Magic Number
ant,org.apache.tools.tar,TarEntry,normalizeFileName,Magic Number
ant,org.apache.tools.tar,TarEntry,isEqual,Complex Method
ant,org.apache.tools.tar,TarEntry,isEqual,Long Parameter List
ant,org.apache.tools.tar,TarInputStream,getNextEntry,Complex Method
ant,org.apache.tools.tar,TarInputStream,getNextEntry,Long Statement
ant,org.apache.tools.tar,TarInputStream,parsePaxHeaders,Complex Method
ant,org.apache.tools.tar,TarInputStream,parsePaxHeaders,Magic Number
ant,org.apache.tools.tar,TarInputStream,applyPaxHeadersToCurrentEntry,Complex Method
ant,org.apache.tools.tar,TarInputStream,applyPaxHeadersToCurrentEntry,Magic Number
ant,org.apache.tools.tar,TarInputStream,read,Complex Method
ant,org.apache.tools.tar,TarOutputStream,putNextEntry,Complex Conditional
ant,org.apache.tools.tar,TarOutputStream,putNextEntry,Complex Conditional
ant,org.apache.tools.tar,TarOutputStream,putNextEntry,Complex Method
ant,org.apache.tools.tar,TarOutputStream,putNextEntry,Long Statement
ant,org.apache.tools.tar,TarOutputStream,putNextEntry,Long Statement
ant,org.apache.tools.tar,TarOutputStream,putNextEntry,Long Statement
ant,org.apache.tools.tar,TarOutputStream,closeEntry,Long Statement
ant,org.apache.tools.tar,TarOutputStream,write,Long Statement
ant,org.apache.tools.tar,TarOutputStream,writePaxHeaders,Magic Number
ant,org.apache.tools.tar,TarOutputStream,writePaxHeaders,Magic Number
ant,org.apache.tools.tar,TarOutputStream,stripTo7Bits,Magic Number
ant,org.apache.tools.tar,TarOutputStream,addPaxHeadersForBigNumbers,Magic Number
ant,org.apache.tools.tar,TarOutputStream,failForBigNumbers,Magic Number
ant,org.apache.tools.tar,TarOutputStream,handleLongName,Long Parameter List
ant,org.apache.tools.tar,TarOutputStream,transferModTime,Magic Number
ant,org.apache.tools.tar,TarUtils,decode,Magic Number
ant,org.apache.tools.tar,TarUtils,parseOctal,Complex Method
ant,org.apache.tools.tar,TarUtils,parseOctal,Magic Number
ant,org.apache.tools.tar,TarUtils,parseOctal,Magic Number
ant,org.apache.tools.tar,TarUtils,parseOctalOrBinary,Magic Number
ant,org.apache.tools.tar,TarUtils,parseOctalOrBinary,Magic Number
ant,org.apache.tools.tar,TarUtils,parseOctalOrBinary,Magic Number
ant,org.apache.tools.tar,TarUtils,parseBinaryLong,Long Statement
ant,org.apache.tools.tar,TarUtils,parseBinaryLong,Magic Number
ant,org.apache.tools.tar,TarUtils,parseBinaryLong,Magic Number
ant,org.apache.tools.tar,TarUtils,parseBinaryLong,Magic Number
ant,org.apache.tools.tar,TarUtils,parseBinaryLong,Magic Number
ant,org.apache.tools.tar,TarUtils,parseBinaryLong,Magic Number
ant,org.apache.tools.tar,TarUtils,parseBinaryBigInteger,Long Statement
ant,org.apache.tools.tar,TarUtils,parseBinaryBigInteger,Magic Number
ant,org.apache.tools.tar,TarUtils,exceptionMessage,Long Parameter List
ant,org.apache.tools.tar,TarUtils,formatNameBytes,Long Parameter List
ant,org.apache.tools.tar,TarUtils,formatUnsignedOctalString,Long Statement
ant,org.apache.tools.tar,TarUtils,formatUnsignedOctalString,Magic Number
ant,org.apache.tools.tar,TarUtils,formatUnsignedOctalString,Magic Number
ant,org.apache.tools.tar,TarUtils,formatOctalBytes,Magic Number
ant,org.apache.tools.tar,TarUtils,formatLongOctalOrBinaryBytes,Magic Number
ant,org.apache.tools.tar,TarUtils,formatLongOctalOrBinaryBytes,Magic Number
ant,org.apache.tools.tar,TarUtils,formatLongOctalOrBinaryBytes,Magic Number
ant,org.apache.tools.tar,TarUtils,formatLongBinary,Long Parameter List
ant,org.apache.tools.tar,TarUtils,formatLongBinary,Magic Number
ant,org.apache.tools.tar,TarUtils,formatLongBinary,Magic Number
ant,org.apache.tools.tar,TarUtils,formatLongBinary,Magic Number
ant,org.apache.tools.tar,TarUtils,formatBigIntegerBinary,Long Parameter List
ant,org.apache.tools.tar,TarUtils,formatBigIntegerBinary,Magic Number
ant,org.apache.tools.tar,TarUtils,formatCheckSumOctalBytes,Magic Number
ant,org.apache.tools.tar,TarRoundTripTest,testLongRoundTripping,Magic Number
ant,org.apache.tools.zip,AbstractUnicodeExtraField,assembleData,Magic Number
ant,org.apache.tools.zip,AbstractUnicodeExtraField,assembleData,Magic Number
ant,org.apache.tools.zip,AbstractUnicodeExtraField,assembleData,Magic Number
ant,org.apache.tools.zip,AbstractUnicodeExtraField,parseFromLocalFileData,Magic Number
ant,org.apache.tools.zip,AbstractUnicodeExtraField,parseFromLocalFileData,Magic Number
ant,org.apache.tools.zip,AbstractUnicodeExtraField,parseFromLocalFileData,Magic Number
ant,org.apache.tools.zip,AbstractUnicodeExtraField,parseFromLocalFileData,Magic Number
ant,org.apache.tools.zip,AsiExtraField,getLocalFileDataLength,Magic Number
ant,org.apache.tools.zip,AsiExtraField,getLocalFileDataLength,Magic Number
ant,org.apache.tools.zip,AsiExtraField,getLocalFileDataLength,Magic Number
ant,org.apache.tools.zip,AsiExtraField,getLocalFileDataData,Magic Number
ant,org.apache.tools.zip,AsiExtraField,getLocalFileDataData,Magic Number
ant,org.apache.tools.zip,AsiExtraField,getLocalFileDataData,Magic Number
ant,org.apache.tools.zip,AsiExtraField,getLocalFileDataData,Magic Number
ant,org.apache.tools.zip,AsiExtraField,getLocalFileDataData,Magic Number
ant,org.apache.tools.zip,AsiExtraField,getLocalFileDataData,Magic Number
ant,org.apache.tools.zip,AsiExtraField,getLocalFileDataData,Magic Number
ant,org.apache.tools.zip,AsiExtraField,parseFromLocalFileData,Long Statement
ant,org.apache.tools.zip,AsiExtraField,parseFromLocalFileData,Magic Number
ant,org.apache.tools.zip,AsiExtraField,parseFromLocalFileData,Magic Number
ant,org.apache.tools.zip,AsiExtraField,parseFromLocalFileData,Magic Number
ant,org.apache.tools.zip,AsiExtraField,parseFromLocalFileData,Magic Number
ant,org.apache.tools.zip,ExtraFieldUtils,parse,Complex Method
ant,org.apache.tools.zip,ExtraFieldUtils,parse,Long Statement
ant,org.apache.tools.zip,ExtraFieldUtils,parse,Magic Number
ant,org.apache.tools.zip,ExtraFieldUtils,parse,Missing default
ant,org.apache.tools.zip,ExtraFieldUtils,mergeLocalFileDataData,Magic Number
ant,org.apache.tools.zip,ExtraFieldUtils,mergeLocalFileDataData,Magic Number
ant,org.apache.tools.zip,ExtraFieldUtils,mergeLocalFileDataData,Magic Number
ant,org.apache.tools.zip,ExtraFieldUtils,mergeCentralDirectoryData,Magic Number
ant,org.apache.tools.zip,ExtraFieldUtils,mergeCentralDirectoryData,Magic Number
ant,org.apache.tools.zip,ExtraFieldUtils,mergeCentralDirectoryData,Magic Number
ant,org.apache.tools.zip,GeneralPurposeBit,encode,Magic Number
ant,org.apache.tools.zip,GeneralPurposeBit,encode,Long Statement
ant,org.apache.tools.zip,GeneralPurposeBit,hashCode,Long Statement
ant,org.apache.tools.zip,GeneralPurposeBit,hashCode,Magic Number
ant,org.apache.tools.zip,GeneralPurposeBit,hashCode,Magic Number
ant,org.apache.tools.zip,GeneralPurposeBit,hashCode,Magic Number
ant,org.apache.tools.zip,GeneralPurposeBit,hashCode,Magic Number
ant,org.apache.tools.zip,GeneralPurposeBit,equals,Long Statement
ant,org.apache.tools.zip,NioZipEncoding,encode,Magic Number
ant,org.apache.tools.zip,NioZipEncoding,encode,Magic Number
ant,org.apache.tools.zip,NioZipEncoding,encode,Magic Number
ant,org.apache.tools.zip,NioZipEncoding,decode,Long Statement
ant,org.apache.tools.zip,Simple8BitZipEncoding,toString,Magic Number
ant,org.apache.tools.zip,Simple8BitZipEncoding,toString,Magic Number
ant,org.apache.tools.zip,Simple8BitZipEncoding,Simple8BitZipEncoding,Magic Number
ant,org.apache.tools.zip,Simple8BitZipEncoding,decodeByte,Magic Number
ant,org.apache.tools.zip,Simple8BitZipEncoding,canEncodeChar,Magic Number
ant,org.apache.tools.zip,Simple8BitZipEncoding,pushEncodedChar,Magic Number
ant,org.apache.tools.zip,Simple8BitZipEncoding,encodeHighChar,Magic Number
ant,org.apache.tools.zip,Simple8BitZipEncoding,encode,Magic Number
ant,org.apache.tools.zip,Simple8BitZipEncoding,encode,Magic Number
ant,org.apache.tools.zip,Simple8BitZipEncoding,encode,Magic Number
ant,org.apache.tools.zip,Simple8BitZipEncoding,encode,Magic Number
ant,org.apache.tools.zip,Simple8BitChar,toString,Magic Number
ant,org.apache.tools.zip,Simple8BitChar,toString,Magic Number
ant,org.apache.tools.zip,Zip64ExtendedInformationExtraField,getLocalFileDataLength,Magic Number
ant,org.apache.tools.zip,Zip64ExtendedInformationExtraField,getCentralDirectoryLength,Long Statement
ant,org.apache.tools.zip,Zip64ExtendedInformationExtraField,getLocalFileDataData,Magic Number
ant,org.apache.tools.zip,Zip64ExtendedInformationExtraField,parseFromLocalFileData,Magic Number
ant,org.apache.tools.zip,Zip64ExtendedInformationExtraField,parseFromLocalFileData,Magic Number
ant,org.apache.tools.zip,Zip64ExtendedInformationExtraField,parseFromCentralDirectoryData,Magic Number
ant,org.apache.tools.zip,Zip64ExtendedInformationExtraField,parseFromCentralDirectoryData,Magic Number
ant,org.apache.tools.zip,Zip64ExtendedInformationExtraField,reparseCentralDirectoryData,Long Statement
ant,org.apache.tools.zip,Zip64ExtendedInformationExtraField,reparseCentralDirectoryData,Long Statement
ant,org.apache.tools.zip,ZipEightByteInteger,getBytes,Magic Number
ant,org.apache.tools.zip,ZipEncodingHelper,growBuffer,Magic Number
ant,org.apache.tools.zip,ZipEncodingHelper,appendSurrogate,Magic Number
ant,org.apache.tools.zip,ZipEncodingHelper,appendSurrogate,Magic Number
ant,org.apache.tools.zip,ZipEncodingHelper,appendSurrogate,Magic Number
ant,org.apache.tools.zip,ZipEncodingHelper,appendSurrogate,Magic Number
ant,org.apache.tools.zip,ZipEncodingHelper,appendSurrogate,Magic Number
ant,org.apache.tools.zip,ZipEncodingHelper,appendSurrogate,Magic Number
ant,org.apache.tools.zip,ZipEncodingHelper,appendSurrogate,Magic Number
ant,org.apache.tools.zip,ZipEntry,setUnixMode,Magic Number
ant,org.apache.tools.zip,ZipEntry,setUnixMode,Magic Number
ant,org.apache.tools.zip,ZipEntry,setName,Complex Conditional
ant,org.apache.tools.zip,ZipEntry,equals,Complex Method
ant,org.apache.tools.zip,ZipEntry,equals,Long Statement
ant,org.apache.tools.zip,ZipFile,ZipFile,Empty catch clause
ant,org.apache.tools.zip,ZipFile,closeQuietly,Empty catch clause
ant,org.apache.tools.zip,ZipFile,getEntriesInPhysicalOrder,Long Statement
ant,org.apache.tools.zip,ZipFile,getInputStream,Missing default
ant,org.apache.tools.zip,ZipFile,setSizesAndOffsetFromZip64Extra,Long Statement
ant,org.apache.tools.zip,ZipFile,setSizesAndOffsetFromZip64Extra,Long Statement
ant,org.apache.tools.zip,ZipFile,tryToLocateSignature,Complex Method
ant,org.apache.tools.zip,ZipFile,resolveLocalFileHeaderData,Long Identifier
ant,org.apache.tools.zip,ZipFile,hashCode,Magic Number
ant,org.apache.tools.zip,ZipFile,equals,Long Statement
ant,org.apache.tools.zip,Entry,hashCode,Magic Number
ant,org.apache.tools.zip,Entry,equals,Long Statement
ant,org.apache.tools.zip,ZipOutputStream,ZipOutputStream,Empty catch clause
ant,org.apache.tools.zip,ZipOutputStream,writeCentralDirectoryInChunks,Magic Number
ant,org.apache.tools.zip,ZipOutputStream,writeCentralDirectoryInChunks,Magic Number
ant,org.apache.tools.zip,ZipOutputStream,handleSizesAndCrc,Long Statement
ant,org.apache.tools.zip,ZipOutputStream,handleSizesAndCrc,Long Statement
ant,org.apache.tools.zip,ZipOutputStream,rewriteSizesAndCrc,Magic Number
ant,org.apache.tools.zip,ZipOutputStream,rewriteSizesAndCrc,Magic Number
ant,org.apache.tools.zip,ZipOutputStream,rewriteSizesAndCrc,Magic Number
ant,org.apache.tools.zip,ZipOutputStream,rewriteSizesAndCrc,Magic Number
ant,org.apache.tools.zip,ZipOutputStream,validateSizeInformation,Complex Conditional
ant,org.apache.tools.zip,ZipOutputStream,validateSizeInformation,Long Statement
ant,org.apache.tools.zip,ZipOutputStream,shouldAddZip64Extra,Long Statement
ant,org.apache.tools.zip,ZipOutputStream,addUnicodeExtraFields,Long Statement
ant,org.apache.tools.zip,ZipOutputStream,addUnicodeExtraFields,Long Statement
ant,org.apache.tools.zip,ZipOutputStream,createCentralFileHeader,Long Statement
ant,org.apache.tools.zip,ZipOutputStream,createCentralFileHeader,Long Identifier
ant,org.apache.tools.zip,ZipOutputStream,createCentralFileHeader,Long Statement
ant,org.apache.tools.zip,ZipOutputStream,createCentralFileHeader,Magic Number
ant,org.apache.tools.zip,ZipOutputStream,writeZip64CentralDirectory,Complex Conditional
ant,org.apache.tools.zip,ZipOutputStream,getZip64Extra,Long Statement
ant,org.apache.tools.zip,ZipOutputStream,getEffectiveZip64Mode,Complex Conditional
ant,org.apache.tools.zip,ZipShort,getBytes,Magic Number
ant,org.apache.tools.zip,ZipShort,getBytes,Magic Number
ant,org.apache.tools.zip,ZipUtil,toDosTime,Magic Number
ant,org.apache.tools.zip,ZipUtil,toDosTime,Long Statement
ant,org.apache.tools.zip,ZipUtil,toDosTime,Magic Number
ant,org.apache.tools.zip,ZipUtil,toDosTime,Magic Number
ant,org.apache.tools.zip,ZipUtil,toDosTime,Magic Number
ant,org.apache.tools.zip,ZipUtil,toDosTime,Magic Number
ant,org.apache.tools.zip,ZipUtil,toDosTime,Magic Number
ant,org.apache.tools.zip,ZipUtil,toDosTime,Magic Number
ant,org.apache.tools.zip,ZipUtil,toDosTime,Magic Number
ant,org.apache.tools.zip,ZipUtil,adjustToLong,Magic Number
ant,org.apache.tools.zip,ZipUtil,adjustToLong,Magic Number
ant,org.apache.tools.zip,ZipUtil,dosToJavaTime,Magic Number
ant,org.apache.tools.zip,ZipUtil,dosToJavaTime,Magic Number
ant,org.apache.tools.zip,ZipUtil,dosToJavaTime,Magic Number
ant,org.apache.tools.zip,ZipUtil,dosToJavaTime,Magic Number
ant,org.apache.tools.zip,ZipUtil,dosToJavaTime,Magic Number
ant,org.apache.tools.zip,ZipUtil,dosToJavaTime,Magic Number
ant,org.apache.tools.zip,ZipUtil,dosToJavaTime,Magic Number
ant,org.apache.tools.zip,ZipUtil,dosToJavaTime,Magic Number
ant,org.apache.tools.zip,ZipUtil,dosToJavaTime,Magic Number
ant,org.apache.tools.zip,ZipUtil,dosToJavaTime,Magic Number
ant,org.apache.tools.zip,ZipUtil,dosToJavaTime,Magic Number
ant,org.apache.tools.zip,ZipUtil,dosToJavaTime,Magic Number
ant,org.apache.tools.zip,AsiExtraFieldTest,testModes,Magic Number
ant,org.apache.tools.zip,AsiExtraFieldTest,testModes,Magic Number
ant,org.apache.tools.zip,AsiExtraFieldTest,testModes,Magic Number
ant,org.apache.tools.zip,AsiExtraFieldTest,testModes,Magic Number
ant,org.apache.tools.zip,AsiExtraFieldTest,testContent,Long Statement
ant,org.apache.tools.zip,AsiExtraFieldTest,testContent,Magic Number
ant,org.apache.tools.zip,AsiExtraFieldTest,testContent,Magic Number
ant,org.apache.tools.zip,AsiExtraFieldTest,testContent,Magic Number
ant,org.apache.tools.zip,AsiExtraFieldTest,testContent,Magic Number
ant,org.apache.tools.zip,AsiExtraFieldTest,testContent,Magic Number
ant,org.apache.tools.zip,AsiExtraFieldTest,testContent,Magic Number
ant,org.apache.tools.zip,AsiExtraFieldTest,testContent,Magic Number
ant,org.apache.tools.zip,AsiExtraFieldTest,testContent,Magic Number
ant,org.apache.tools.zip,AsiExtraFieldTest,testContent,Magic Number
ant,org.apache.tools.zip,AsiExtraFieldTest,testReparseFile,Magic Number
ant,org.apache.tools.zip,AsiExtraFieldTest,testReparseFile,Magic Number
ant,org.apache.tools.zip,AsiExtraFieldTest,testReparseFile,Magic Number
ant,org.apache.tools.zip,AsiExtraFieldTest,testReparseFile,Magic Number
ant,org.apache.tools.zip,AsiExtraFieldTest,testReparseFile,Magic Number
ant,org.apache.tools.zip,AsiExtraFieldTest,testReparseFile,Magic Number
ant,org.apache.tools.zip,AsiExtraFieldTest,testReparseLink,Magic Number
ant,org.apache.tools.zip,AsiExtraFieldTest,testReparseLink,Magic Number
ant,org.apache.tools.zip,AsiExtraFieldTest,testReparseLink,Magic Number
ant,org.apache.tools.zip,AsiExtraFieldTest,testReparseLink,Magic Number
ant,org.apache.tools.zip,AsiExtraFieldTest,testReparseLink,Magic Number
ant,org.apache.tools.zip,AsiExtraFieldTest,testReparseLink,Magic Number
ant,org.apache.tools.zip,AsiExtraFieldTest,testReparseDirectory,Magic Number
ant,org.apache.tools.zip,AsiExtraFieldTest,testReparseDirectory,Magic Number
ant,org.apache.tools.zip,AsiExtraFieldTest,testReparseDirectory,Magic Number
ant,org.apache.tools.zip,AsiExtraFieldTest,testReparseDirectory,Magic Number
ant,org.apache.tools.zip,AsiExtraFieldTest,testReparseDirectory,Magic Number
ant,org.apache.tools.zip,AsiExtraFieldTest,testReparseDirectory,Magic Number
ant,org.apache.tools.zip,AsiExtraFieldTest,testReparseDirectory,Magic Number
ant,org.apache.tools.zip,AsiExtraFieldTest,testReparseBadCRC,Magic Number
ant,org.apache.tools.zip,AsiExtraFieldTest,testClone,Magic Number
ant,org.apache.tools.zip,AsiExtraFieldTest,testClone,Magic Number
ant,org.apache.tools.zip,AsiExtraFieldTest,testClone,Magic Number
ant,org.apache.tools.zip,ExtraFieldUtilsTest,setUp,Magic Number
ant,org.apache.tools.zip,ExtraFieldUtilsTest,setUp,Magic Number
ant,org.apache.tools.zip,ExtraFieldUtilsTest,setUp,Magic Number
ant,org.apache.tools.zip,ExtraFieldUtilsTest,setUp,Magic Number
ant,org.apache.tools.zip,ExtraFieldUtilsTest,setUp,Magic Number
ant,org.apache.tools.zip,ExtraFieldUtilsTest,setUp,Magic Number
ant,org.apache.tools.zip,ExtraFieldUtilsTest,setUp,Magic Number
ant,org.apache.tools.zip,ExtraFieldUtilsTest,setUp,Magic Number
ant,org.apache.tools.zip,ExtraFieldUtilsTest,setUp,Magic Number
ant,org.apache.tools.zip,ExtraFieldUtilsTest,setUp,Magic Number
ant,org.apache.tools.zip,ExtraFieldUtilsTest,setUp,Magic Number
ant,org.apache.tools.zip,ExtraFieldUtilsTest,setUp,Magic Number
ant,org.apache.tools.zip,ExtraFieldUtilsTest,setUp,Magic Number
ant,org.apache.tools.zip,ExtraFieldUtilsTest,setUp,Magic Number
ant,org.apache.tools.zip,ExtraFieldUtilsTest,testParse,Long Statement
ant,org.apache.tools.zip,ExtraFieldUtilsTest,testParse,Magic Number
ant,org.apache.tools.zip,ExtraFieldUtilsTest,testParse,Magic Number
ant,org.apache.tools.zip,ExtraFieldUtilsTest,testParse,Magic Number
ant,org.apache.tools.zip,ExtraFieldUtilsTest,testParseWithRead,Magic Number
ant,org.apache.tools.zip,ExtraFieldUtilsTest,testParseWithRead,Magic Number
ant,org.apache.tools.zip,ExtraFieldUtilsTest,testParseWithRead,Magic Number
ant,org.apache.tools.zip,ExtraFieldUtilsTest,testParseWithRead,Magic Number
ant,org.apache.tools.zip,ExtraFieldUtilsTest,testParseWithRead,Magic Number
ant,org.apache.tools.zip,ExtraFieldUtilsTest,testParseWithRead,Magic Number
ant,org.apache.tools.zip,ExtraFieldUtilsTest,testParseWithRead,Magic Number
ant,org.apache.tools.zip,ExtraFieldUtilsTest,testParseWithSkip,Magic Number
ant,org.apache.tools.zip,ExtraFieldUtilsTest,testParseWithSkip,Magic Number
ant,org.apache.tools.zip,ExtraFieldUtilsTest,testParseWithSkip,Magic Number
ant,org.apache.tools.zip,ExtraFieldUtilsTest,testMerge,Magic Number
ant,org.apache.tools.zip,ExtraFieldUtilsTest,testMerge,Magic Number
ant,org.apache.tools.zip,ExtraFieldUtilsTest,testMerge,Magic Number
ant,org.apache.tools.zip,ExtraFieldUtilsTest,testMerge,Magic Number
ant,org.apache.tools.zip,ExtraFieldUtilsTest,testMerge,Magic Number
ant,org.apache.tools.zip,ExtraFieldUtilsTest,testMerge,Magic Number
ant,org.apache.tools.zip,ExtraFieldUtilsTest,testMerge,Magic Number
ant,org.apache.tools.zip,ExtraFieldUtilsTest,testMerge,Magic Number
ant,org.apache.tools.zip,ExtraFieldUtilsTest,testMerge,Magic Number
ant,org.apache.tools.zip,ExtraFieldUtilsTest,testMergeWithUnparseableData,Magic Number
ant,org.apache.tools.zip,ExtraFieldUtilsTest,testMergeWithUnparseableData,Magic Number
ant,org.apache.tools.zip,ExtraFieldUtilsTest,testMergeWithUnparseableData,Magic Number
ant,org.apache.tools.zip,ExtraFieldUtilsTest,testMergeWithUnparseableData,Magic Number
ant,org.apache.tools.zip,ExtraFieldUtilsTest,testMergeWithUnparseableData,Magic Number
ant,org.apache.tools.zip,UTF8ZipFilesTest,createTestFile,Long Statement
ant,org.apache.tools.zip,ZipEncodingTest,testNioCp1252Encoding,Long Statement
ant,org.apache.tools.zip,ZipEncodingTest,testNioCp1252Encoding,Magic Number
ant,org.apache.tools.zip,ZipEncodingTest,testNioCp1252Encoding,Magic Number
ant,org.apache.tools.zip,ZipEncodingTest,testNioCp1252Encoding,Magic Number
ant,org.apache.tools.zip,ZipEncodingTest,testNioCp1252Encoding,Magic Number
ant,org.apache.tools.zip,ZipEncodingTest,testNioCp1252Encoding,Magic Number
ant,org.apache.tools.zip,ZipEncodingTest,testNioCp1252Encoding,Magic Number
ant,org.apache.tools.zip,ZipEncodingTest,testNioCp1252Encoding,Magic Number
ant,org.apache.tools.zip,ZipEncodingTest,testNioCp1252Encoding,Magic Number
ant,org.apache.tools.zip,ZipEncodingTest,testNioCp1252Encoding,Magic Number
ant,org.apache.tools.zip,ZipEncodingTest,testNioCp1252Encoding,Magic Number
ant,org.apache.tools.zip,ZipEncodingTest,testNioCp1252Encoding,Magic Number
ant,org.apache.tools.zip,ZipEncodingTest,testNioCp1252Encoding,Magic Number
ant,org.apache.tools.zip,ZipEncodingTest,testNioCp1252Encoding,Magic Number
ant,org.apache.tools.zip,ZipEncodingTest,testNioCp1252Encoding,Magic Number
ant,org.apache.tools.zip,ZipEncodingTest,testNioCp1252Encoding,Magic Number
ant,org.apache.tools.zip,ZipEncodingTest,testNioCp1252Encoding,Magic Number
ant,org.apache.tools.zip,ZipEncodingTest,testNioCp1252Encoding,Magic Number
ant,org.apache.tools.zip,ZipEncodingTest,testNioCp1252Encoding,Magic Number
ant,org.apache.tools.zip,ZipEncodingTest,testNioCp1252Encoding,Magic Number
ant,org.apache.tools.zip,ZipEncodingTest,testNioCp1252Encoding,Magic Number
ant,org.apache.tools.zip,ZipEncodingTest,testNioCp1252Encoding,Magic Number
ant,org.apache.tools.zip,ZipEncodingTest,testNioCp1252Encoding,Magic Number
ant,org.apache.tools.zip,ZipEncodingTest,testNioCp1252Encoding,Magic Number
ant,org.apache.tools.zip,ZipEncodingTest,testNioCp1252Encoding,Magic Number
ant,org.apache.tools.zip,ZipEncodingTest,testNioCp1252Encoding,Magic Number
ant,org.apache.tools.zip,ZipEncodingTest,testNioCp1252Encoding,Magic Number
ant,org.apache.tools.zip,ZipEncodingTest,testNioCp1252Encoding,Magic Number
ant,org.apache.tools.zip,ZipEncodingTest,testNioCp1252Encoding,Magic Number
ant,org.apache.tools.zip,ZipEncodingTest,testNioCp1252Encoding,Magic Number
ant,org.apache.tools.zip,ZipEncodingTest,testNioCp1252Encoding,Magic Number
ant,org.apache.tools.zip,ZipEncodingTest,testNioCp1252Encoding,Magic Number
ant,org.apache.tools.zip,ZipEncodingTest,testNioCp1252Encoding,Magic Number
ant,org.apache.tools.zip,ZipEncodingTest,testNioCp1252Encoding,Magic Number
ant,org.apache.tools.zip,ZipEncodingTest,testNioCp1252Encoding,Magic Number
ant,org.apache.tools.zip,ZipEncodingTest,testNioCp1252Encoding,Magic Number
ant,org.apache.tools.zip,ZipEncodingTest,testNioCp1252Encoding,Magic Number
ant,org.apache.tools.zip,ZipEncodingTest,testNioCp1252Encoding,Magic Number
ant,org.apache.tools.zip,ZipEncodingTest,testNioCp1252Encoding,Magic Number
ant,org.apache.tools.zip,ZipEncodingTest,testNioCp1252Encoding,Magic Number
ant,org.apache.tools.zip,ZipEncodingTest,testNioCp1252Encoding,Magic Number
ant,org.apache.tools.zip,ZipEncodingTest,testNioCp1252Encoding,Magic Number
ant,org.apache.tools.zip,ZipEncodingTest,testNioCp1252Encoding,Magic Number
ant,org.apache.tools.zip,ZipEncodingTest,testNioCp1252Encoding,Magic Number
ant,org.apache.tools.zip,ZipEncodingTest,testNioCp1252Encoding,Magic Number
ant,org.apache.tools.zip,ZipEncodingTest,testNioCp1252Encoding,Magic Number
ant,org.apache.tools.zip,ZipEncodingTest,testNioCp1252Encoding,Magic Number
ant,org.apache.tools.zip,ZipEncodingTest,testNioCp1252Encoding,Magic Number
ant,org.apache.tools.zip,ZipEncodingTest,testNioCp1252Encoding,Magic Number
ant,org.apache.tools.zip,ZipEncodingTest,testNioCp1252Encoding,Magic Number
ant,org.apache.tools.zip,ZipEncodingTest,testNioCp1252Encoding,Magic Number
ant,org.apache.tools.zip,ZipEncodingTest,testNioCp1252Encoding,Magic Number
ant,org.apache.tools.zip,ZipEncodingTest,testNioCp1252Encoding,Magic Number
ant,org.apache.tools.zip,ZipEncodingTest,testNioCp1252Encoding,Magic Number
ant,org.apache.tools.zip,ZipEncodingTest,testNioCp1252Encoding,Magic Number
ant,org.apache.tools.zip,ZipEncodingTest,testNioCp1252Encoding,Magic Number
ant,org.apache.tools.zip,ZipEncodingTest,testNioCp1252Encoding,Magic Number
ant,org.apache.tools.zip,ZipEncodingTest,testNioCp1252Encoding,Magic Number
ant,org.apache.tools.zip,ZipEncodingTest,testNioCp1252Encoding,Magic Number
ant,org.apache.tools.zip,ZipEncodingTest,testNioCp1252Encoding,Magic Number
ant,org.apache.tools.zip,ZipEncodingTest,testNioCp1252Encoding,Magic Number
ant,org.apache.tools.zip,ZipEncodingTest,testNioCp1252Encoding,Magic Number
ant,org.apache.tools.zip,ZipEncodingTest,testNioCp1252Encoding,Magic Number
ant,org.apache.tools.zip,ZipEncodingTest,testNioCp1252Encoding,Magic Number
ant,org.apache.tools.zip,ZipEncodingTest,testNioCp1252Encoding,Magic Number
ant,org.apache.tools.zip,ZipEncodingTest,testNioCp1252Encoding,Magic Number
ant,org.apache.tools.zip,ZipEncodingTest,testNioCp1252Encoding,Magic Number
ant,org.apache.tools.zip,ZipEncodingTest,testNioCp1252Encoding,Magic Number
ant,org.apache.tools.zip,ZipEncodingTest,testNioCp1252Encoding,Magic Number
ant,org.apache.tools.zip,ZipEncodingTest,testNioCp1252Encoding,Magic Number
ant,org.apache.tools.zip,ZipEncodingTest,testNioCp1252Encoding,Magic Number
ant,org.apache.tools.zip,ZipEncodingTest,testNioCp1252Encoding,Magic Number
ant,org.apache.tools.zip,ZipEncodingTest,testNioCp1252Encoding,Magic Number
ant,org.apache.tools.zip,ZipEncodingTest,testNioCp1252Encoding,Magic Number
ant,org.apache.tools.zip,ZipEncodingTest,testNioCp1252Encoding,Magic Number
ant,org.apache.tools.zip,ZipEncodingTest,testNioCp1252Encoding,Magic Number
ant,org.apache.tools.zip,ZipEncodingTest,testNioCp1252Encoding,Magic Number
ant,org.apache.tools.zip,ZipEncodingTest,testNioCp1252Encoding,Magic Number
ant,org.apache.tools.zip,ZipEncodingTest,testNioCp1252Encoding,Magic Number
ant,org.apache.tools.zip,ZipEncodingTest,testNioCp1252Encoding,Magic Number
ant,org.apache.tools.zip,ZipEncodingTest,testNioCp1252Encoding,Magic Number
ant,org.apache.tools.zip,ZipEncodingTest,testNioCp1252Encoding,Magic Number
ant,org.apache.tools.zip,ZipEncodingTest,testNioCp1252Encoding,Magic Number
ant,org.apache.tools.zip,ZipEncodingTest,testNioCp1252Encoding,Magic Number
ant,org.apache.tools.zip,ZipEncodingTest,testNioCp1252Encoding,Magic Number
ant,org.apache.tools.zip,ZipEncodingTest,testNioCp1252Encoding,Magic Number
ant,org.apache.tools.zip,ZipEncodingTest,testNioCp1252Encoding,Magic Number
ant,org.apache.tools.zip,ZipEncodingTest,testNioCp1252Encoding,Magic Number
ant,org.apache.tools.zip,ZipEncodingTest,testNioCp1252Encoding,Magic Number
ant,org.apache.tools.zip,ZipEncodingTest,testNioCp1252Encoding,Magic Number
ant,org.apache.tools.zip,ZipEncodingTest,testNioCp1252Encoding,Magic Number
ant,org.apache.tools.zip,ZipEncodingTest,testNioCp1252Encoding,Magic Number
ant,org.apache.tools.zip,ZipEncodingTest,testNioCp1252Encoding,Magic Number
ant,org.apache.tools.zip,ZipEncodingTest,testNioCp1252Encoding,Magic Number
ant,org.apache.tools.zip,ZipEncodingTest,testNioCp1252Encoding,Magic Number
ant,org.apache.tools.zip,ZipEncodingTest,testNioCp1252Encoding,Magic Number
ant,org.apache.tools.zip,ZipEncodingTest,testNioCp1252Encoding,Magic Number
ant,org.apache.tools.zip,ZipEncodingTest,testNioCp1252Encoding,Magic Number
ant,org.apache.tools.zip,ZipEncodingTest,testNioCp1252Encoding,Magic Number
ant,org.apache.tools.zip,ZipEncodingTest,testNioCp1252Encoding,Magic Number
ant,org.apache.tools.zip,ZipEncodingTest,testNioCp1252Encoding,Magic Number
ant,org.apache.tools.zip,ZipEncodingTest,testNioCp1252Encoding,Magic Number
ant,org.apache.tools.zip,ZipEncodingTest,testNioCp1252Encoding,Magic Number
ant,org.apache.tools.zip,ZipEncodingTest,testNioCp1252Encoding,Magic Number
ant,org.apache.tools.zip,ZipEncodingTest,testNioCp1252Encoding,Magic Number
ant,org.apache.tools.zip,ZipEncodingTest,testNioCp1252Encoding,Magic Number
ant,org.apache.tools.zip,ZipEncodingTest,testNioCp1252Encoding,Magic Number
ant,org.apache.tools.zip,ZipEncodingTest,testNioCp1252Encoding,Magic Number
ant,org.apache.tools.zip,ZipEncodingTest,testNioCp1252Encoding,Magic Number
ant,org.apache.tools.zip,ZipEncodingTest,testNioCp1252Encoding,Magic Number
ant,org.apache.tools.zip,ZipEncodingTest,testNioCp1252Encoding,Magic Number
ant,org.apache.tools.zip,ZipEncodingTest,testNioCp1252Encoding,Magic Number
ant,org.apache.tools.zip,ZipEncodingTest,testNioCp1252Encoding,Magic Number
ant,org.apache.tools.zip,ZipEncodingTest,testNioCp1252Encoding,Magic Number
ant,org.apache.tools.zip,ZipEncodingTest,testNioCp1252Encoding,Magic Number
ant,org.apache.tools.zip,ZipEncodingTest,testNioCp1252Encoding,Magic Number
ant,org.apache.tools.zip,ZipEncodingTest,testNioCp1252Encoding,Magic Number
ant,org.apache.tools.zip,ZipEncodingTest,testNioCp1252Encoding,Magic Number
ant,org.apache.tools.zip,ZipEncodingTest,testNioCp1252Encoding,Magic Number
ant,org.apache.tools.zip,ZipEncodingTest,testNioCp1252Encoding,Magic Number
ant,org.apache.tools.zip,ZipEncodingTest,testNioCp1252Encoding,Magic Number
ant,org.apache.tools.zip,ZipEncodingTest,testNioCp1252Encoding,Magic Number
ant,org.apache.tools.zip,ZipEncodingTest,testNioCp1252Encoding,Magic Number
ant,org.apache.tools.zip,ZipEncodingTest,testNioCp1252Encoding,Magic Number
ant,org.apache.tools.zip,ZipEncodingTest,doSimpleEncodingTest,Magic Number
ant,org.apache.tools.zip,ZipEncodingTest,doSimpleEncodingTest,Magic Number
ant,org.apache.tools.zip,ZipEntryTest,testExtraFields,Magic Number
ant,org.apache.tools.zip,ZipEntryTest,testExtraFields,Magic Number
ant,org.apache.tools.zip,ZipEntryTest,testExtraFields,Magic Number
ant,org.apache.tools.zip,ZipEntryTest,testExtraFields,Magic Number
ant,org.apache.tools.zip,ZipEntryTest,testExtraFields,Magic Number
ant,org.apache.tools.zip,ZipEntryTest,testExtraFields,Magic Number
ant,org.apache.tools.zip,ZipEntryTest,testExtraFieldMerging,Magic Number
ant,org.apache.tools.zip,ZipEntryTest,testExtraFieldMerging,Magic Number
ant,org.apache.tools.zip,ZipEntryTest,testExtraFieldMerging,Magic Number
ant,org.apache.tools.zip,ZipEntryTest,testExtraFieldMerging,Magic Number
ant,org.apache.tools.zip,ZipEntryTest,testExtraFieldMerging,Magic Number
ant,org.apache.tools.zip,ZipEntryTest,testExtraFieldMerging,Magic Number
ant,org.apache.tools.zip,ZipEntryTest,testExtraFieldMerging,Magic Number
ant,org.apache.tools.zip,ZipEntryTest,testExtraFieldMerging,Magic Number
ant,org.apache.tools.zip,ZipEntryTest,testAddAsFirstExtraField,Magic Number
ant,org.apache.tools.zip,ZipEntryTest,testAddAsFirstExtraField,Magic Number
ant,org.apache.tools.zip,ZipEntryTest,testAddAsFirstExtraField,Magic Number
ant,org.apache.tools.zip,ZipEntryTest,testAddAsFirstExtraField,Magic Number
ant,org.apache.tools.zip,ZipEntryTest,testAddAsFirstExtraField,Magic Number
ant,org.apache.tools.zip,ZipEntryTest,testUnixMode,Magic Number
ant,org.apache.tools.zip,ZipEntryTest,testUnixMode,Magic Number
ant,org.apache.tools.zip,ZipEntryTest,testUnixMode,Magic Number
ant,org.apache.tools.zip,ZipEntryTest,testUnixMode,Magic Number
ant,org.apache.tools.zip,ZipEntryTest,testUnixMode,Magic Number
ant,org.apache.tools.zip,ZipEntryTest,testUnixMode,Magic Number
ant,org.apache.tools.zip,ZipEntryTest,testUnixMode,Magic Number
ant,org.apache.tools.zip,ZipEntryTest,testUnixMode,Magic Number
ant,org.apache.tools.zip,ZipEntryTest,testUnixMode,Magic Number
ant,org.apache.tools.zip,ZipEntryTest,testUnixMode,Magic Number
ant,org.apache.tools.zip,ZipEntryTest,testUnixMode,Magic Number
ant,org.apache.tools.zip,ZipEntryTest,testUnixMode,Magic Number
ant,org.apache.tools.zip,ZipEntryTest,testUnixMode,Magic Number
ant,org.apache.tools.zip,ZipEntryTest,testUnixMode,Magic Number
ant,org.apache.tools.zip,ZipEntryTest,testUnixMode,Magic Number
ant,org.apache.tools.zip,ZipEntryTest,testUnixMode,Magic Number
ant,org.apache.tools.zip,ZipEntryTest,testUnixMode,Magic Number
ant,org.apache.tools.zip,ZipEntryTest,testUnixMode,Magic Number
ant,org.apache.tools.zip,ZipEntryTest,testUnixMode,Magic Number
ant,org.apache.tools.zip,ZipEntryTest,testUnixMode,Magic Number
ant,org.apache.tools.zip,ZipEntryTest,testUnixMode,Magic Number
ant,org.apache.tools.zip,ZipEntryTest,testUnixMode,Magic Number
ant,org.apache.tools.zip,ZipEntryTest,testUnixMode,Magic Number
ant,org.apache.tools.zip,ZipEntryTest,testUnixMode,Magic Number
ant,org.apache.tools.zip,ZipEntryTest,testUnixMode,Magic Number
ant,org.apache.tools.zip,ZipEntryTest,testUnixMode,Magic Number
ant,org.apache.tools.zip,ZipEntryTest,testCopyConstructor,Magic Number
ant,org.apache.tools.zip,ZipLongTest,testToBytes,Magic Number
ant,org.apache.tools.zip,ZipLongTest,testToBytes,Magic Number
ant,org.apache.tools.zip,ZipLongTest,testToBytes,Magic Number
ant,org.apache.tools.zip,ZipLongTest,testToBytes,Magic Number
ant,org.apache.tools.zip,ZipLongTest,testToBytes,Magic Number
ant,org.apache.tools.zip,ZipLongTest,testToBytes,Magic Number
ant,org.apache.tools.zip,ZipLongTest,testToBytes,Magic Number
ant,org.apache.tools.zip,ZipLongTest,testToBytes,Magic Number
ant,org.apache.tools.zip,ZipLongTest,testFromBytes,Magic Number
ant,org.apache.tools.zip,ZipLongTest,testEquals,Magic Number
ant,org.apache.tools.zip,ZipLongTest,testEquals,Magic Number
ant,org.apache.tools.zip,ZipLongTest,testEquals,Magic Number
ant,org.apache.tools.zip,ZipLongTest,testEquals,Magic Number
ant,org.apache.tools.zip,ZipLongTest,testSign,Magic Number
ant,org.apache.tools.zip,ZipLongTest,testSign,Magic Number
ant,org.apache.tools.zip,ZipLongTest,testSign,Magic Number
ant,org.apache.tools.zip,ZipLongTest,testSign,Magic Number
ant,org.apache.tools.zip,ZipLongTest,testSign,Magic Number
ant,org.apache.tools.zip,ZipLongTest,testClone,Magic Number
ant,org.apache.tools.zip,ZipOutputStreamTest,setUp,Long Statement
ant,org.apache.tools.zip,ZipOutputStreamTest,setUp,Magic Number
ant,org.apache.tools.zip,ZipOutputStreamTest,setUp,Magic Number
ant,org.apache.tools.zip,ZipOutputStreamTest,setUp,Magic Number
ant,org.apache.tools.zip,ZipOutputStreamTest,setUp,Magic Number
ant,org.apache.tools.zip,ZipOutputStreamTest,setUp,Magic Number
ant,org.apache.tools.zip,ZipOutputStreamTest,setUp,Magic Number
ant,org.apache.tools.zip,ZipOutputStreamTest,setUp,Magic Number
ant,org.apache.tools.zip,ZipOutputStreamTest,setUp,Magic Number
ant,org.apache.tools.zip,ZipOutputStreamTest,setUp,Magic Number
ant,org.apache.tools.zip,ZipOutputStreamTest,setUp,Magic Number
ant,org.apache.tools.zip,ZipOutputStreamTest,setUp,Magic Number
ant,org.apache.tools.zip,ZipOutputStreamTest,setUp,Magic Number
ant,org.apache.tools.zip,ZipOutputStreamTest,setUp,Magic Number
ant,org.apache.tools.zip,ZipOutputStreamTest,setUp,Magic Number
ant,org.apache.tools.zip,ZipOutputStreamTest,setUp,Magic Number
ant,org.apache.tools.zip,ZipOutputStreamTest,setUp,Magic Number
ant,org.apache.tools.zip,ZipOutputStreamTest,testAdjustToLong,Magic Number
ant,org.apache.tools.zip,ZipOutputStreamTest,testAdjustToLong,Magic Number
ant,org.apache.tools.zip,ZipShortTest,testToBytes,Magic Number
ant,org.apache.tools.zip,ZipShortTest,testToBytes,Magic Number
ant,org.apache.tools.zip,ZipShortTest,testToBytes,Magic Number
ant,org.apache.tools.zip,ZipShortTest,testToBytes,Magic Number
ant,org.apache.tools.zip,ZipShortTest,testFromBytes,Magic Number
ant,org.apache.tools.zip,ZipShortTest,testEquals,Magic Number
ant,org.apache.tools.zip,ZipShortTest,testEquals,Magic Number
ant,org.apache.tools.zip,ZipShortTest,testEquals,Magic Number
ant,org.apache.tools.zip,ZipShortTest,testEquals,Magic Number
ant,org.apache.tools.zip,ZipShortTest,testSign,Magic Number
ant,org.apache.tools.zip,ZipShortTest,testSign,Magic Number
ant,org.apache.tools.zip,ZipShortTest,testSign,Magic Number
ant,org.apache.tools.zip,ZipShortTest,testClone,Magic Number
ant,org.example.junit,Timeout,testTimeout,Magic Number
ant,org.example.junitlauncher,Tracker,executionFinished,Long Statement
ant,org.example.junitlauncher.vintage,AlwaysFailingJUnit4Test,testWillFail,Magic Number
ant,org.example.junitlauncher.vintage,AlwaysFailingJUnit4Test,testWillFail,Magic Number
